,0,1,2,3
0,0.09016650281889889,0.552133838980462,-1.1691825144221721,-0.9649516314681238
1,0.11111127150389151,0.2907102820915267,-1.171911571806586,-0.9638067025646054
2,0.18321906824627693,-0.16017741184960416,-1.175732252144765,-0.9603719158540478
3,0.2121289814756255,-0.7373745304922449,-1.1691825144221721,-0.9580832869510221
4,0.2597915873734684,-1.0626744492247773,-1.1691825144221721,-0.9557946580479962
5,0.31102340178551446,-1.1787652903157335,-1.0818526781209397,-0.9603719158540478
6,0.3019584954099077,-1.0755039649106022,-1.0818526781209397,-0.964950402564113
7,0.2349644189529956,-0.5188452472683028,-1.1473500553468643,-0.9695288892741754
8,0.12926565643603302,0.09981045293964624,-1.1691825144221721,-0.9786858626943028
9,-0.05170478405443934,0.5130566911731792,-1.2565123507234057,-0.9786858626943028
10,-0.14375855881952637,0.7340230010688061,-1.2565123507234057,-0.9841782443538322
11,-0.17702649407905977,0.6665694184575951,-1.2838029245675409,-0.9846362159152389
12,-0.255339881269898,0.6919901506566083,-1.365674646099947,-0.986010130599462
13,-0.27810864749098174,0.7406294615581634,-1.3525751706547622,-0.987658336658923
14,-0.29914807082282885,0.7044488150268418,-1.291444285243899,-0.9887571406985667
15,-0.30907669924582554,0.6682681684955061,-1.2565123507234057,-0.9887571406985667
16,-0.3331865690960015,0.6032316847643137,-1.2565123507234057,-0.9887571406985667
17,-0.3338401949871294,0.5589693676593464,-1.2565123507234057,-0.9865595326192823
18,-0.32804317750754325,0.5978037170592938,-1.2565123507234057,-0.986010130599462
19,-0.29979944464214275,0.6986497843765305,-1.3438421870246389,-0.9933352177739596
20,-0.2621757484873181,0.8925134285697285,-1.3465712444090525,-0.9949372989695432
21,-0.3205823577933167,0.9964137324041058,-1.3853238592677244,-0.9997435425562996
22,-0.438051473772834,1.0978039360692737,-1.438449509684308,-0.9997435425562996
23,-0.4651094146363638,1.2791170794163835,-1.5003081437310146,-0.9997435425562996
24,-0.46366876212781555,1.4497067510232569,-1.5294180891647589,-1.0013922401773678
25,-0.45190822167154343,1.5774025356692116,-1.5294180891647589,-1.0024913719247457
26,-0.47047035573431717,1.5940576151502994,-1.5294180891647589,-1.0024913719247457
27,-0.4667658516944264,1.4441516368840945,-1.5206851055346358,-1.0024913719247457
28,-0.45168975244240017,1.2601671493204258,-1.518501859627105,-0.9997435425562996
29,-0.43044034196232933,1.053463655558476,-1.518501859627105,-0.9997435425562996
30,-0.3866733431795633,0.9442272790300654,-1.5294180891647589,-1.0070710875388216
31,-0.36495095196061,0.8999689806573483,-1.4311720233258718,-1.0070710875388216
32,-0.44744236497535245,0.9474414610911314,-1.518501859627105,-1.0116475260755318
33,-0.4865472971599278,1.0978063473086268,-1.518501859627105,-1.015080469430072
34,-0.5447347044288248,1.3107790633952388,-1.518501859627105,-1.016224783881586
35,-0.5782398109642348,1.5584219567882613,-1.5359678268873516,-1.0098164590992433
36,-0.5339333856217695,1.8580701161408866,-1.5767217504945936,-1.0058490107723945
37,-0.4396210867849879,1.815421320038062,-1.518501859627105,-0.9979141141186941
38,-0.2888899202335625,1.5916763921301358,-1.518501859627105,-0.9951671040195894
39,-0.17687938116893223,1.0962872665145844,-1.518501859627105,-0.9947091324581798
40,-0.10803487301215879,0.5708196522512738,-1.518501859627105,-0.9933352177739596
41,-0.07455087790930742,0.39121676653286197,-1.6713290731542627,-0.9951671040195894
42,-0.09796267130128469,0.741690406874647,-1.8438054998491982,-0.9979141141186941
43,-0.1236530762553372,0.9889737194145536,-2.050668049587744,-0.998371471228094
44,-0.13276419815799553,1.2104594500039798,-2.339402320858696,-0.9997435425562996
45,-0.1562845548234204,1.174848458770422,-2.3918002226394357,-1.0056955343159157
46,-0.2003074357065142,1.1459708534374742,-2.3918002226394357,-1.0116475260755318
47,-0.33638250212879867,1.1271933269554615,-2.3918002226394357,-1.018973432519371
48,-0.43611681795437046,1.2087113014711375,-2.4572975998653606,-1.026069943547836
49,-0.4824721520946621,1.2838709717637593,-2.3918002226394357,-1.0473594766332284
50,-0.8418674403118314,1.2333019241663785,-2.3918002226394357,-1.0446111557031779
51,-0.9510620586359392,1.1933959128305858,-2.3918002226394357,-1.042778941749814
52,-0.9459856890128756,1.1694844558871893,-2.3918002226394357,-1.021535615455231
53,-0.87018279745056,1.1782211798191229,-2.3918002226394357,-1.016224783881586
54,-0.7067506136103407,1.2087233576679157,-2.3918002226394357,-1.031608695852042
55,-0.42146560264090643,1.2804309369497155,-2.3918002226394357,-1.0354546738446546
56,-0.4028919727959412,1.3624398665897568,-1.6058316959283379,-1.0308757774999202
57,-0.534517140785097,1.4930297533388555,-2.3918002226394357,-1.0331652256722874
58,-0.5073024149736692,1.623619640087954,-2.3918002226394357,-1.0400335701893892
59,-0.4722425947131787,1.7542095268370663,-2.3918002226394357,-1.0377441220170218
60,-0.5582886519692806,1.874596147874573,-2.3918002226394357,-1.0354546738446546
61,-0.5614755704368695,1.9881805917710367,-2.3918002226394357,-1.026297700424527
62,-0.45218948637904893,1.8079555201831685,-2.3918002226394357,-1.0244666334482389
63,-0.329871503404669,1.5246499661418282,-2.3918002226394357,-1.018973432519371
64,-0.20749975663881623,1.0867236884202938,-2.3918002226394357,-1.0173242433366982
65,-0.13995932653238155,0.9626376273413174,-2.3918002226394357,-1.016224783881586
66,-0.07878177137588467,0.9170116204229941,-2.3918002226394357,-1.0182862703599247
67,-0.06078309186963465,1.0544974744322013,-2.3918002226394357,-1.018973432519371
68,-0.09291925808965827,1.216101750096174,-2.3918002226394357,-1.0208053187650008
69,-0.11527824280800203,1.413883658242267,-2.3918002226394357,-1.025840548132462
70,-0.13616134647364078,1.6003970411330273,-2.3918002226394357,-1.0308757774999202
71,-0.22381355597929234,1.7840932927099473,-2.3918002226394357,-1.032341286496424
72,-0.2912599513008093,1.8637713576395414,-2.3918002226394357,-1.03270766374555
73,-0.33083836474808503,1.9608692873361955,-2.3044703863382026,-1.037285740820946
74,-0.39941542396736,2.1276466761010604,-2.3044703863382026,-1.036919527425687
75,-0.4128195259773517,2.1245313548535867,-2.3044703863382026,-1.0354546738446546
76,-0.4088004110434399,1.8665769685875644,-2.3044703863382026,-1.0345388945757084
77,-0.3737177664403226,1.6911319780856406,-2.252072484557463,-1.0308757774999202
78,-0.35273853609127903,1.639451081229816,-2.0070031314371275,-1.03133374906133
79,-0.27335757269107147,1.5774420424673603,-1.8743709425546295,-1.03270766374555
80,-0.24905868119143246,1.5085475757671505,-1.8296144014502478,-1.0304182155731827
81,-0.2544348137864858,1.478287861431325,-1.8241562866814207,-1.0281287674008184
82,-0.2109150726278147,1.4664034654572267,-1.8350725162190749,-1.0281287674008184
83,-0.17254358133467268,1.4893855905656375,-1.86236309006321,-1.0288155199255924
84,-0.15519973451272254,1.4413493968167987,-1.840530630987902,-1.0308757774999202
85,-0.1820116348183382,1.365044005093853,-1.8432596883723156,-1.0288155199255924
86,-0.18840163747428426,1.365044005093853,-1.872187696647099,-1.0281287674008184
87,-0.15093980284586514,1.361357488034564,-1.8787374343696914,-1.026297700424527
88,-0.13198494720946072,1.352141195386349,-1.8787374343696914,-1.026297700424527
89,-0.10410271904053614,1.335819784103524,-1.9027531393525305,-1.0235515095947638
90,-0.0752126723947852,1.3147616270643023,-1.9114861229826539,-1.0228649618873247
91,-0.05229575664850083,1.2073703844739214,-1.9114861229826539,-1.0208053187650008
92,-0.018945299216853947,1.0783958704957572,-1.927860467289135,-1.0221784141798824
93,-0.0004718403676351418,1.072943790397181,-1.944234811595616,-1.0235515095947638
94,-0.031440098267521845,1.087151348511553,-1.9606091559020973,-1.021491866472443
95,-0.04536836685338763,1.179997459477772,-1.9660672706709246,-1.0208053187650008
96,-0.017399124502283453,1.2126416216208242,-1.9988159592838868,-1.0208053187650008
97,-0.009590698273950106,1.1549828605291679,-1.9960869018994734,-1.0208053187650008
98,-0.011398527378340921,1.1431738157849403,-2.026106533128022,-1.0198893756421843
99,-0.015916164319225136,1.1663739571184217,-2.03975182005009,-1.018973432519371
100,-0.0012968122834569901,1.2837611264153386,-2.03374789380438,-1.0204389415158748
101,0.006824664454469753,1.3942957831053713,-2.0643133365098114,-1.0208053187650008
102,-0.022083476795006954,1.494551670885092,-2.0577635987872194,-1.018973432519371
103,-0.01745143352156885,1.523607105120512,-2.0497583637929395,-1.0159213811357766
104,-0.008800538759822583,1.5395239640225578,-2.051213861064627,-1.014395355443978
105,0.036935774347721294,1.5357329599245289,-2.0424808774345036,-1.016224783881586
106,0.04277374032568358,1.52470421902733,-2.0206484183591953,-1.016224783881586
107,0.03366411896717498,1.5088503202640227,-2.029381401989318,-1.0098164590992433
108,0.053503338692633275,1.5439790636264514,-2.0424808774345036,-1.0098164590992433
109,0.11900689203449179,1.5793101788633817,-2.0315646478968494,-1.0098164590992433
110,0.12542605434051016,1.6149448519120364,-2.0315646478968494,-1.0052400205625305
111,0.11924070999484288,1.5805311079974187,-2.0315646478968494,-1.0034085439515728
112,0.16982177609966492,1.5416889890484378,-2.0271981560817878,-0.9979141141186941
113,0.19444354826539464,1.485133369961975,-2.0206484183591953,-0.9979141141186941
114,0.26778181831991377,1.4403952349574956,-2.0206484183591953,-0.9979141141186941
115,0.2831002099084541,1.4429270362809086,-2.026106533128022,-0.9979141141186941
116,0.27531790465980305,1.5272963013346341,-2.0233774757436085,-0.9979141141186941
117,0.25762897634369525,1.7344217619838358,-2.0206484183591953,-0.9979141141186941
118,0.2394156722818378,1.971768089223667,-2.0097321888215407,-0.9979141141186941
119,0.22538152806991257,2.216669633111166,-2.0271981560817878,-0.9997435425562996
120,0.20587504767464168,2.3062622454190493,-2.0097321888215407,-0.9974551184706084
121,0.16906377529784247,2.308182194755975,-2.0097321888215407,-0.990589846213535
122,0.1731260268809998,2.1785931496364754,-2.024287161538413,-0.9844851972667843
123,0.2582672691984888,1.959978736267504,-2.005365697006479,-0.9814328727934075
124,0.31883315537219115,1.7191079808361818,-1.9988159592838868,-0.9777704111330937
125,0.39671787216464605,1.464521024288053,-2.0097321888215407,-0.9768547957180145
126,0.4327600146467731,1.2065050174607366,-2.0206484183591953,-0.9695288892741754
127,0.4639817908847398,1.1618850331846726,-2.0097321888215407,-0.9695288892741754
128,0.502309145337086,1.1172650489086227,-1.9878997297462326,-0.9741069663495713
129,0.5448976719221004,1.2854037832263645,-1.9960869018994734,-0.9747939236916798
130,0.49294491259236284,1.66706620182348,-2.0075489429140103,-0.9768547957180145
131,0.4451775961988718,2.369014146839656,-1.9842609865670147,-0.9753284969364363
132,0.39117274172641664,2.8001332949236213,-1.9769835002085787,-0.97227589937328
133,0.3800854797124388,2.825009247609276,-1.9900829756537637,-0.97227589937328
134,0.37774125187500596,2.577985813088809,-1.9988159592838868,-0.97227589937328
135,0.36081884981656565,2.1496961204309435,-1.9878997297462326,-0.966232149447516
136,0.3442553495880721,1.8261935318593625,-1.9813499920236404,-0.962202982830339
137,0.4257477752780396,1.5288877193093595,-1.9966327133763562,-0.9611043426445655
138,0.46472477254771954,1.4470116757493594,-1.9966327133763562,-0.9603719158540478
139,0.48040996191490354,1.4189930744368668,-1.9878997297462326,-0.9559773551109564
140,0.47018309263738534,1.4479183017470791,-1.9878997297462326,-0.9530476479488915
141,0.5398387150489244,1.522172417703917,-2.0097321888215407,-0.9512165809726032
142,0.5470874228142755,1.7207982596244857,-1.9878997297462326,-0.9523611002414522
143,0.5429488513366914,1.888130233441149,-1.9878997297462326,-0.9557946580479962
144,0.4846734420502118,2.0345996285218892,-1.9988159592838868,-0.9535056195102983
145,0.42366562473595537,2.047400630345473,-2.005365697006479,-0.9512165809726032
146,0.4177709979780433,2.0267845338547814,-2.0031824510989487,-0.9501177769329625
147,0.4272054467378072,2.029552100804078,-2.004274074052714,-0.9484695708734986
148,0.4337781280310141,2.038165583613382,-2.011915434729072,-0.9457222330666596
149,0.4327377787192595,1.8726741891715228,-2.004274074052714,-0.9438906745287641
150,0.46053497385574854,1.7266506820033805,-2.0097321888215407,-0.9365664066236078
151,0.46493769435211935,1.6584987239301323,-2.0206484183591953,-0.9365664066236078
152,0.5416026819728226,2.1050292509451975,-2.006093445642323,-0.9335143552400135
153,0.5377390421781906,2.5883079268970652,-2.006093445642323,-0.9319883295482148
154,0.5563257940797095,2.703896713507902,-2.0206484183591953,-0.925578366227192
155,0.6376793643610821,2.5875389137740017,-2.013370932000759,-0.9237470261611213
156,0.6659714360132329,2.335219938344879,-2.015190303590368,-0.9200843460289826
157,0.685460065628935,2.157580490387467,-2.0206484183591953,-0.9109281918781965
158,0.7730270598133185,2.036529385479205,-2.0097321888215407,-0.9072652386562755
159,0.8063345924194527,2.00050738318802,-2.015190303590368,-0.9036022854343574
160,0.8450925503080018,2.0708084061790317,-2.0206484183591953,-0.9036022854343574
161,0.8209139497486385,2.153181700877253,-2.0206484183591953,-0.9036022854343574
162,0.7829048591010186,2.2436031767136324,-2.015190303590368,-0.8898688734775169
163,0.7607572828872705,2.280495138854869,-2.0124612462059543,-0.8884955732453006
164,0.871114346944706,2.3042699589014553,-2.0097321888215407,-0.8880378065012285
165,0.8857156825201002,2.308369065806037,-1.9988159592838868,-0.8825446055723607
166,0.8637803689260233,2.3652260898119413,-2.0206484183591953,-0.8820868388282885
167,0.8858622098687287,2.4739213153364044,-2.015190303590368,-0.8807135385960723
168,0.8627716673299984,2.7372114298336676,-1.9988159592838868,-0.8779648899582847
169,0.8390613182157804,2.8442027128801373,-2.0097321888215407,-0.8779648899582847
170,0.819202081247344,2.9121192880639084,-2.0179193609747816,-0.8688095550768401
171,0.7944042083089496,2.870359636473471,-2.0097321888215407,-0.8651466018549191
172,0.8659352438094614,2.7299019299584453,-2.0097321888215407,-0.861483648633001
173,0.8807318264776436,2.441397141056503,-2.0315646478968494,-0.8569063908269494
174,0.9236201143224797,2.3555087952087357,-2.0097321888215407,-0.8546171474719167
175,0.9318330424119051,2.3330987366374414,-2.005365697006479,-0.8477494174068219
176,0.9905352147414705,2.3619853841179665,-2.015190303590368,-0.8431713403314289
177,1.036982355336931,2.364997022073155,-2.0070031314371275,-0.8385932632560329
178,1.1162640010003801,2.2645086219270016,-2.0097321888215407,-0.8294371091052469
179,1.1409916639163205,2.0700270976489263,-2.0233774757436085,-0.827605837311624
180,1.1808401684618826,1.9268097276913712,-2.015190303590368,-0.8221120219307492
181,1.2049236726350134,1.8604885892145897,-2.005365697006479,-0.8204638158712881
182,1.2082872594590026,1.8058480300074726,-2.0097321888215407,-0.8193650118316446
183,1.1948201296865049,1.7687283397048663,-2.0271981560817878,-0.8105752349299844
184,1.1587498180435691,1.9496881695074977,-2.0097321888215407,-0.8083777907045702
185,1.2332214355340307,2.2760343460469405,-2.0124612462059543,-0.8028837705063607
186,1.2289137232472336,2.2471932441986953,-2.0250149101742565,-0.8003197851779504
187,1.241603996681007,2.1846272761239485,-2.0097321888215407,-0.796473807185338
188,1.2295839411889942,1.987161843143277,-2.004274074052714,-0.7889203486821422
189,1.2314757602729953,1.769497257143825,-2.0097321888215407,-0.786402529181077
190,1.261281439917744,1.5383665691318484,-2.0271981560817878,-0.7849383310155189
191,1.2800888277971743,1.4342171038973788,-1.9988159592838868,-0.7845722814741273
192,1.2605598980240973,1.361812944357289,-2.0097321888215407,-0.7891495392801817
193,1.215676138148793,1.4645451366816093,-2.022831664266726,-0.7876843579914121
194,1.1122562776917657,1.6989192765212822,-2.0233774757436085,-0.7818236328363426
195,1.0179061485001362,2.459861206422296,-2.004274074052714,-0.7809080993481984
196,1.0437190092598487,2.5808898759267787,-2.0097321888215407,-0.7799925658600542
197,1.0372362270665114,2.2753097051669067,-2.026106533128022,-0.7710658071246393
198,1.0309660413656327,1.969729534407035,-2.005365697006479,-0.7680902208795021
199,1.1144255330753323,1.6641493636471627,-2.0075489429140103,-0.7607652975588743
200,1.1283682477944392,1.7151474492757495,-2.0097321888215407,-0.758934066728716
201,1.193923170460639,1.8552900990014367,-2.0097321888215407,-0.7530739969891178
202,1.1991425552047714,1.995432748727138,-1.9988159592838868,-0.7516089795542183
203,1.215147403508348,2.122046572697603,-2.006093445642323,-0.7442830731103791
204,1.2548081088924907,2.228367158035202,-2.005365697006479,-0.7431844329246056
205,1.2308959687788907,2.620938023477214,-1.99335784451506,-0.7424520061340908
206,1.1944326688921374,2.8995835225694315,-2.0097321888215407,-0.7332966712526433
207,1.1828625437901867,2.436277276158037,-2.011915434729072,-0.7303666363828443
208,1.2118221350071248,1.9303671094873887,-2.0184651724516645,-0.7173641765317085
209,1.270332422942112,1.3605510624278399,-2.0124612462059543,-0.7122348950439451
210,1.4042263677996003,1.1036083920081394,-2.0206484183591953,-0.7085731707260376
211,1.413910818788971,1.055247972681639,-2.0206484183591953,-0.7049114464081274
212,1.4449173275521972,1.6479155360511772,-2.0097321888215407,-0.7094895234835203
213,1.390270378355614,2.242819523923048,-2.0206484183591953,-0.7094895234835203
214,1.2622323695367041,2.841078148548466,-2.0206484183591953,-0.7088027709587464
215,1.168058704953467,2.9663842297625083,-2.006093445642323,-0.7024692045037357
216,1.1226427689797744,2.866050837860634,-2.0097321888215407,-0.7003325500633929
217,1.143638093709247,2.336112096906454,-2.015190303590368,-0.6930091014275781
218,1.176231576869474,1.8426175164989074,-1.9988159592838868,-0.6911772151819483
219,1.1543623957694462,1.4845477067140422,-2.0097321888215407,-0.6911772151819483
220,1.1316385859469706,1.3159484926582488,-2.0179193609747816,-0.6811051179083459
221,1.1108084911493388,1.4832842938389659,-2.0024547024631048,-0.6811051179083459
222,1.151061100190305,1.86275136511847,-2.0097321888215407,-0.6811051179083459
223,1.0963584541644282,2.194916809495674,-2.0070031314371275,-0.6811051179083459
224,1.0418826233312477,2.3684089257613925,-1.9988159592838868,-0.6801891747855325
225,0.9807836673073933,2.4544392668156654,-2.005365697006479,-0.6792732316627161
226,0.9357713287419781,2.3492958351357007,-2.0097321888215407,-0.675840288308176
227,0.8916970134721518,2.237954848523049,-2.0097321888215407,-0.6746959738566646
228,0.8919738282546873,2.117317529511353,-2.0031824510989487,-0.6692011343891138
229,0.869473884415303,1.8351030612784414,-2.024287161538413,-0.6661490830055222
230,0.8938408962361908,1.5665874466347374,-2.015190303590368,-0.6600449802383277
231,0.9279230410993515,1.5144443955690903,-2.0097321888215407,-0.6582130939926979
232,0.9560543958094924,1.499353481830458,-2.0097321888215407,-0.6582130939926979
233,0.9444260989392166,1.490023899206175,-2.0206484183591953,-0.6536350169173049
234,0.9114646057853093,1.4049339415006032,-2.0097321888215407,-0.6547336571030785
235,0.9173289357281483,1.4339716933140834,-2.0097321888215407,-0.6554660838935932
236,0.8845169353980702,1.6342010094061417,-2.022831664266726,-0.6554660838935932
237,0.824630122499702,1.7618978344413085,-2.011915434729072,-0.6554660838935932
238,0.7728409642591909,1.7807959228911172,-2.0097321888215407,-0.6536350169173049
239,0.711431560192765,1.6605293319303442,-2.015190303590368,-0.6536350169173049
240,0.6815447694364372,1.5321639907838347,-2.0097321888215407,-0.6536350169173049
241,0.6412160759241624,1.5105683283049056,-2.0075489429140103,-0.6514387196689663
242,0.6192984989651137,1.4822995609092717,-2.0097321888215407,-0.6508896453568802
243,0.6092900672416283,1.4495820569024738,-2.022831664266726,-0.6463091104734657
244,0.6202573987267219,1.401975149874612,-1.99335784451506,-0.6463091104734657
245,0.6184000943839838,1.3540680435469923,-2.015190303590368,-0.6463091104734657
246,0.5951057558969907,1.3057106382696932,-2.0271981560817878,-0.6435632473514397
247,0.5653199065835298,1.2767781772414084,-2.011915434729072,-0.6417326719367528
248,0.5800615235182133,1.276983132586638,-2.011915434729072,-0.6444785350587817
249,0.5761006862216905,1.3157448768904358,-2.0140986806366024,-0.6463091104734657
250,0.4923229161538358,1.412341804632085,-2.0097321888215407,-0.6476842540616966
251,0.42616267356670157,1.579752813516515,-1.9988159592838868,-0.6481426352577755
252,0.36745235417044647,1.6779130281070693,-2.0162819265441336,-0.643563738913044
253,0.37733171409939764,1.6013829701139943,-2.0140986806366024,-0.6424650987272704
254,0.3821644499022202,1.5451635849599048,-2.0015450166683,-0.6417326719367528
255,0.38764760270772997,1.5024846483651348,-2.0097321888215407,-0.6371537755920182
256,0.3777472615851448,1.2115284327849776,-2.0097321888215407,-0.6371537755920182
257,0.4154172462053834,0.9493704525756331,-2.0070031314371275,-0.629827869148182
258,0.45201130437227915,0.8024054138495827,-2.0097321888215407,-0.629827869148182
259,0.49761019407157914,0.788821094129769,-2.0206484183591953,-0.629827869148182
260,0.48583686371937057,0.864157253747432,-2.0206484183591953,-0.6270824975877572
261,0.46313512374410004,0.864157253747432,-2.000999205191418,-0.6267162841925014
262,0.4725008032708936,0.8718284395260147,-2.0097321888215407,-0.6252514306114689
263,0.45945546041017177,0.9101843684188871,-2.0097321888215407,-0.6266247308436852
264,0.4479171593772669,0.8434179161341246,-1.9988159592838868,-0.6206725342667345
265,0.41377352199569134,0.7503708685549396,-2.0097321888215407,-0.6206725342667345
266,0.4355806027576182,0.6303581275152178,-2.0206484183591953,-0.6179255241676298
267,0.47606284236640956,0.5653220265204318,-2.0206484183591953,-0.6179255241676298
268,0.4564560551719227,0.7201924857053218,-2.005365697006479,-0.6206725342667345
269,0.4058259200406425,0.7624632339234556,-2.0097321888215407,-0.6206725342667345
270,0.37082996878793206,0.8131836537692724,-2.0097321888215407,-0.6206725342667345
271,0.3419625281719579,1.010302471092577,-1.9922662215612943,-0.6325748792472866
272,0.19938225272207774,1.1859451832216719,-2.0124612462059543,-0.6318881267225097
273,0.09527771848776057,1.3293737375594668,-2.011915434729072,-0.629827869148182
274,0.06416258977832004,1.452186195406556,-1.9933578445150597,-0.6284551833679697
275,0.08256606863487494,1.5612545889265266,-2.000999205191418,-0.6270824975877572
276,0.08916827113099172,1.316320895180943,-2.0097321888215407,-0.6270824975877572
277,0.11364931506155337,0.9828866796189817,-2.0024547024631048,-0.6270824975877572
278,0.11564736219288858,1.0104551829184296,-1.9922662215612943,-0.6287297205240127
279,0.10937942628093178,1.0472667704144831,-2.004274074052714,-0.629827869148182
280,0.08619816280162737,1.1210506946969707,-2.0097321888215407,-0.629827869148182
281,0.05008873810455153,1.2050797070860728,-1.9878997297462326,-0.629827869148182
282,0.03307305318836298,1.3044763516350895,-1.9900829756537637,-0.6344084040315965
283,0.019980784593248976,1.0674006190340597,-2.0024547024631048,-0.6328815590704593
284,-0.03369030867000667,0.6060099683329717,-2.0031824510989487,-0.629827869148182
285,-0.06974566366823658,0.5773430115492885,-2.0070031314371275,-0.6318881267225097
286,-0.021914351566523688,0.5442152619576907,-2.0097321888215407,-0.6325748792472866
287,-0.01367095989684921,0.49324434113436444,-2.0206484183591953,-0.6325748792472866
288,-0.0416093455539016,0.4235408140138588,-1.9988159592838868,-0.6325748792472866
289,-0.05397368552580745,0.32573837744756284,-2.0097321888215407,-0.6325748792472866
290,-0.060274651558041195,0.33644157886111176,-2.0097321888215407,-0.6325748792472866
291,-0.06427617510585414,0.41948187226123773,-2.0250149101742565,-0.6371537755920182
292,-0.08979277290767165,0.4828786910599679,-2.0015450166683,-0.6387562664222739
293,-0.13405902873118689,0.5413646412083493,-2.0097321888215407,-0.643563738913044
294,-0.18983653624182925,0.606186792552381,-2.0206484183591953,-0.643563738913044
295,-0.24917960477783252,0.6581409632018406,-2.011915434729072,-0.643563738913044
296,-0.2635990481718599,0.6586232110729694,-2.0070031314371275,-0.6490581687459226
297,-0.2613153840016326,0.6298691817569914,-2.0097321888215407,-0.6508896453568802
298,-0.3475533205158077,0.5572607366603943,-2.0140986806366024,-0.6463091104734657
299,-0.3709182174514678,0.5029755186308437,-1.9922662215612943,-0.6463091104734657
300,-0.3142516503733532,0.45327110736805803,-2.0097321888215407,-0.6463091104734657
301,-0.2873765861878652,0.3693468255772352,-2.015190303590368,-0.6467674916695446
302,-0.27004253439442905,0.2626092967677116,-2.0184651724516645,-0.6481426352577755
303,-0.2654195366193689,0.25780289298547865,-2.004274074052714,-0.6481426352577755
304,-0.2771617568766423,0.2747431890362429,-2.0097321888215407,-0.6481426352577755
305,-0.2754612143675324,0.2767391593917471,-2.026106533128022,-0.6522619215024232
306,-0.2695450810657304,0.3489450614737043,-1.9966327133763562,-0.6536350169173049
307,-0.3039936744252344,0.5264658611453548,-2.0097321888215407,-0.6646230573137207
308,-0.34428441487727934,0.6917837803113603,-2.0233774757436085,-0.6657675765825697
309,-0.48064930941597506,0.8489664458069266,-2.0184651724516645,-0.6692011343891138
310,-0.5182138672835647,1.034832812803927,-1.9988159592838868,-0.6742371830259164
311,-0.5764204611085345,1.1798065696954454,-2.005365697006479,-0.6792732316627161
312,-0.715792368048484,1.1612098861651061,-2.0179193609747816,-0.675840288308176
313,-0.7107661101622686,0.9116677112010676,-1.9878997297462326,-0.6746959738566646
314,-0.6424786356461684,0.5081618752812346,-2.0097321888215407,-0.671947325218877
315,-0.575754095545068,0.04535127251516368,-2.0097321888215407,-0.6682851912663003
316,-0.5320677353154782,-0.3847870369820068,-2.004274074052714,-0.6627919903374324
317,-0.384073472945341,-0.684236173403686,-2.005365697006479,-0.6600446525305905
318,-0.32509390369607755,-0.8810977918623839,-2.0097321888215407,-0.6582130939926979
319,-0.23125600641236665,-0.9240781333766095,-2.0097321888215407,-0.6582130939926979
320,-0.19731985726962806,-0.5815736391052018,-1.9960869018994734,-0.6609601040918026
321,-0.18361360595331444,-0.19048267181770895,-2.013370932000759,-0.6692011343891138
322,-0.2882014427035534,0.009469351748450205,-2.0184651724516645,-0.6713980870529237
323,-0.3659201863690553,0.19359761704326126,-2.011915434729072,-0.6884293858135022
324,-0.4529005129921211,0.3671767101571551,-2.0206484183591953,-0.6908708084485552
325,-0.6543018756993874,0.6766994687757201,-2.0124612462059543,-0.6957536537186613
326,-0.7868980564689542,0.6932313850816519,-2.0015450166683,-0.7003325500633929
327,-0.846071472257473,0.6546687785297262,-2.015190303590368,-0.7026219982357601
328,-0.867375098541403,0.6433359535582245,0.9185463846541801,-0.7049114464081274
329,-0.8784178638739158,0.844119854702095,1.5817073290666703,-0.7168154299273596
330,-0.9738574199645992,1.0944095138663832,0.6974927365166845,-0.7179595395615392
331,-1.0229231145436484,1.3306054789969706,-1.130975711040383,-0.7213918684640725
332,-1.0459981745166946,1.4482317628633128,-2.0424808774345036,-0.7282595985291674
333,-1.0146287762839434,1.4868115925535008,-1.8678212048320373,-0.7305488418842001
334,-1.04578793853337,1.5722364446140291,-1.9824416149774058,-0.7278001932464153
335,-1.0742076009546218,1.5573958022110537,-1.845988745756729,-0.7278001932464153
336,-1.0402850147517309,1.1414931819540617,-1.7368264503801878,-0.7278001932464153
337,-0.9868372878038342,0.7784545733300432,-1.6058316959283379,-0.7278001932464153
338,-0.9380980043815612,0.6268720112379472,-1.616747925465992,-0.7213918684640725
339,-0.8947752436005468,0.44036050375556507,-1.4311720233258718,-0.7213918684640725
340,-0.8228661750741161,0.11413321471211947,-1.3503919247472314,-0.6930091014275781
341,-0.7207344386277121,-0.17021888418841924,-1.0409168173547365,-0.6918641725240599
342,-0.4520826333903471,-0.3917581978746391,-1.0818526781209397,-0.6884293858135022
343,-0.1819884797418986,-0.42880655567963877,-1.0381877599703229,-0.7072000753111531
344,-0.054840209022692786,-0.3428609428971674,-0.9945228418197063,-0.7259707648088071
345,-0.4651482808529311,-0.16917635806145717,-1.1691825144221728,-0.6957536537186613
346,-0.5252478135198595,0.08611662276575188,-1.242867063801338,-0.7026211789664216
347,-0.20407642798832626,0.46382219758027143,-1.212847432572789,-0.7232237547097023
348,-0.36127697174074974,0.539363312543178,-1.2565123507234055,-0.7129230812900644
349,-0.5025100632244637,0.43979520208441913,-1.1953814653125423,-0.711869992479632
350,-0.36665335217214173,0.19087492593752184,-1.2783448097987138,-0.7213918684640725
351,-0.36767099471014686,-0.12544250424859274,-1.3875071051752554,-0.7140671909242441
352,-0.4565207255681304,-0.4866913704608936,-1.3001772688740223,-0.7067425133844186
353,-0.3637411750514802,-0.39720759881838197,-1.3263762197643918,-0.7221251145239288
354,-0.23671020873767804,-0.2868990915020252,-1.3438421870246386,-0.7259707648088071
355,-0.38804204102340756,-0.09329164149038498,-1.1691825144221721,-0.7259707648088071
356,-0.49683914321800665,0.03778132051588425,-1.2565123507234055,-0.7278022414197647
357,-0.5094881619606706,0.12716462385191996,-1.2565123507234057,-0.7332966712526433
358,-0.513940949106796,0.21654792718795568,-1.3001772688740223,-0.7365008336438132
359,-0.5776946566314144,0.30593123052399135,-1.3962400888053785,-0.7397049960349861
360,-0.6198516432242585,0.4071580727228047,-1.365674646099947,-0.7431385538415302
361,-0.6667735509206857,0.4457965089251129,-1.3438421870246386,-0.7442830731103791
362,-0.6978329365722945,0.390552336132643,-1.2565123507234057,-0.7497770933085885
363,-0.7658644382431542,0.2807367933067766,-1.2783448097987138,-0.7520663366636211
364,-0.7855662841561745,0.1345403371253311,-1.3438421870246386,-0.758934066728716
365,-0.881944057017447,0.2849614855944673,-1.28562229615715,-0.7632062832502807
366,-0.8932716928835486,0.45904492960692145,-1.2565123507234055,-0.7653423915110588
367,-0.9525602023259824,0.7277775557926197,-1.3263762197643918,-0.7708372309786067
368,-0.9714767700306057,0.4484258314846878,-1.2565123507234057,-0.7724393121741931
369,-0.9852011125434306,0.032053019553345,-1.2565123507234055,-0.7772455557609496
370,-1.0176598643373675,-0.0882220107451586,-1.212847432572789,-0.7795345942986446
371,-1.0222416476572689,-0.1329191546805951,-1.1691825144221728,-0.7818236328363426
372,-1.0412491931276862,-0.17140253479655737,-1.1691825144221728,-0.7845709706431815
373,-1.0313721814373262,-0.17037534683105557,-1.116784612641433,-0.786402529181077
374,-1.0427242522255433,-0.01130588653971119,-0.9770568745594598,-0.786402529181077
375,-1.0381131996768074,0.11594968169336708,-0.9595909072992129,-0.786402529181077
376,-1.0035082511236062,0.11594968169336708,-0.9290254645937815,-0.7884627867554048
377,-0.954970441949611,0.15301645868790203,-0.9945228418197063,-0.7891495392801817
378,-0.942260397254348,0.24568340117420484,-0.885360546443165,-0.7937267970862333
379,-0.9298827922598493,0.25507819251361413,-0.8635280873678566,-0.7960166548932698
380,-0.9360221820128881,0.24230826888615112,-0.9595909072992129,-0.797206889391327
381,-0.935700448499445,0.22415163653821688,-0.9508579236690897,-0.796473807185338
382,-0.9317311239854984,0.19065289098018726,-0.8489731146509846,-0.7976956108619855
383,-0.902542487476874,0.0957856925818588,-0.8198631692172402,-0.7983065127003092
384,-0.873912336242136,-0.12532696569613708,-0.9071930055184732,-0.7983065127003092
385,-0.8395590267512729,-0.4306032638939481,-0.9071930055184732,-0.7983065127003092
386,-0.7978676814032588,-0.5686681502428643,-0.7325333329160073,-0.796473807185338
387,-0.7503213716720808,-0.6649301836295567,-0.7325333329160073,-0.7968403482883311
388,-0.7090878121415112,-0.6813748360349972,-0.7150673656557603,-0.7983065127003092
389,-0.6752356354286613,-0.6978194884404376,-0.6452034966147738,-0.7988560785739967
390,-0.6629660228707556,-0.7332914985166914,-0.6452034966147738,-0.8010543420687525
391,-0.6447555224842138,-0.773974464755971,-0.6160935511810297,-0.8016641515479552
392,-0.6560464323439115,-0.8355012556472978,-0.5578736603135411,-0.8028837705063607
393,-0.6439710755334443,-0.8305957231359918,-0.5578736603135411,-0.8056307806054654
394,-0.641827702139426,-0.7260417055207433,-0.5054757585328009,-0.8083777907045702
395,-0.6488837618832131,-0.5745649700448181,-0.5360412012382327,-0.8118113485111141
396,-0.6769282642966711,-0.39180642266175203,-0.48800979127255445,-0.8129558677799632
397,-0.6930175287670406,-0.3737194483396399,-0.4705438240123077,-0.8129558677799632
398,-0.715209862767892,-0.3968003672827558,-0.3832139877110748,-0.8129558677799632
399,-0.7014377182330257,-0.5557412281418038,-0.34828205319058153,-0.8175347641246976
400,-0.674840602285374,-0.7122253040129555,-0.23038677418391706,-0.8179923260514351
401,-0.6895228863163761,-0.8588822399324526,-0.2609522168893486,-0.8193650118316446
402,-0.6950781556435536,-0.9495950738576346,-0.2085543151086084,-0.8216540503693396
403,-0.696993292745327,-0.956391754791337,-0.2085543151086084,-0.8239430889070375
404,-0.6869485707622269,-0.7623321974004996,-0.12122447880737569,-0.8294371091052469
405,-0.7298463405941691,-0.552521649497429,-0.12122447880737569,-0.8310391903008333
406,-0.7787519348970973,-0.48056337786992337,-0.06300458793988689,-0.8358454338875897
407,-0.8398744766076762,-0.30236819665150594,-0.033894642506142256,-0.8358454338875897
408,-0.8391618722316716,-0.09761378803536351,0.0359692265348442,-0.8358454338875897
409,-0.8162990686003445,-0.08460515171170362,-0.016428675245895762,-0.8358454338875897
410,-0.7911110635999371,-0.07159651538805625,-0.033894642506142256,-0.8358454338875897
411,-0.7540852651171996,-0.32959912644116396,0.05343519379509069,-0.8358454338875897
412,-0.7164517650876567,-0.5596099277301827,0.05343519379509069,-0.8358454338875897
413,-0.6854155690412105,-0.7476330143730543,0.03160273471978252,-0.8358454338875897
414,-0.6530808064707132,-0.8525487178916493,0.009770275644474342,-0.8372193485718128
415,-0.626355933673652,-0.9020594993273937,0.10583309557583065,-0.8385932632560329
416,-0.6144175914056774,-0.8084230376834927,0.08836712831558391,-0.8413401095012705
417,-0.6147878648856264,-0.678999765269701,0.10583309557583115,-0.8431713403314289
418,-0.6220847761764454,-0.5084986191932764,0.1931629318770636,-0.8415241173951735
419,-0.6431664934854575,-0.32772800470118657,0.22809486639755708,-0.8404259687710042
420,-0.615165678754023,-0.4167654291474235,0.14076503009632338,-0.8358454338875897
421,-0.5686532720215874,-0.5610588146674417,0.14076503009632338,-0.8358454338875897
422,-0.5051820008981998,-0.6565680055442036,0.06799016651196264,-0.8358454338875897
423,-0.4471806857590942,-0.7462685208132566,0.12329906283607665,-0.8358454338875897
424,-0.41579617136463914,-0.8127343336513768,0.14076503009632338,-0.8358454338875897
425,-0.39684695775026746,-0.8687120590389268,0.21062889913731084,-0.8358454338875897
426,-0.38028573755900197,-0.882737434624222,0.14076503009632338,-0.8385932632560329
427,-0.3642127575197237,-0.8365573784850618,0.14076503009632338,-0.8385932632560329
428,-0.374440763676879,-0.7000691747592456,0.12329906283607665,-0.8431713403314289
429,-0.3789674828136143,-0.5597546020915214,0.0752676528703991,-0.8431713403314289
430,-0.41750231608787275,-0.4137004760109353,0.10583309557583065,-0.8431713403314289
431,-0.4337387551064208,-0.294059869578427,0.08836712831558391,-0.8420731917072596
432,-0.42981262345790944,-0.19202827624466054,0.10583309557583065,-0.8404259687710042
433,-0.39049026133024617,-0.2649947903855957,0.05343519379509069,-0.8415241173951735
434,-0.36368978603720487,-0.45462670950963774,0.05343519379509069,-0.8431713403314289
435,-0.36781580518218054,-0.5536514873669209,-0.016428675245895762,-0.8420731917072596
436,-0.3702653882892428,-0.5922715043797078,-0.07755956065675836,-0.8404259687710042
437,-0.3215622624335543,-0.5616206334372985,0.03160273471978252,-0.8404259687710042
438,-0.2995203740780968,-0.5101617715388226,0.05343519379509069,-0.8404259687710042
439,-0.28396135523654953,-0.44474183377120613,-0.033894642506142256,-0.8385932632560329
440,-0.26440041305593076,-0.48265736701890866,-0.033894642506142256,-0.8385932632560329
441,-0.23860870613347301,-0.5894632142768376,-0.05136060976638899,-0.8380436973823455
442,-0.2236282152059501,-0.7070183665821936,-0.12122447880737569,-0.8358454338875897
443,-0.18763011268443927,-0.8317397222525061,-0.12122447880737569,-0.8358454338875897
444,-0.1636227790190656,-0.8566692580349543,-0.12122447880737569,-0.8358454338875897
445,-0.15236789488900643,-0.8639478519454176,-0.12122447880737569,-0.8385932632560329
446,-0.1560745038969338,-0.8006226783680104,-0.2085543151086084,-0.8385932632560329
447,-0.1860561263668375,-0.7014880168886642,-0.1503344242411201,-0.8404259687710042
448,-0.21234713233523878,-0.5794138575680764,-0.07755956065675884,-0.8438582976735375
449,-0.2309957217570509,-0.46107367462107696,-0.05572710158145067,-0.8456891598324942
450,-0.27988115071445757,-0.3444644170686572,-0.16488939695799204,-0.8477494174068219
451,-0.3075709740753012,-0.2711928811492579,-0.2085543151086084,-0.844315859600275
452,-0.3251904079125536,-0.3695413063672912,-0.2085543151086084,-0.8431713403314289
453,-0.26470912381857165,-0.5729930716267819,-0.18672185603329997,-0.8404259687710042
454,-0.2211166360603609,-0.8148369343694933,-0.06300458793988689,-0.8434769277954806
455,-0.17289333476493693,-0.9299736136011465,-0.12122447880737569,-0.8450024073077173
456,-0.21530993484318936,-0.9285134742135648,-0.12122447880737569,-0.8404259687710042
457,-0.2289010107495598,-0.897904130171171,-0.12122447880737569,-0.8404259687710042
458,-0.17229920129448512,-0.7473490239600575,-0.14305693788268362,-0.8404259687710042
459,-0.14929956632265534,-0.6332030961880911,-0.2085543151086084,-0.8404259687710042
460,-0.13921566822055648,-0.6646938821727119,-0.17362238058811516,-0.8404259687710042
461,-0.13413385732717176,-0.6917431652642411,-0.12122447880737569,-0.8404259687710042
462,-0.1304505475031672,-0.7010264367834447,-0.18672185603330047,-0.8404259687710042
463,-0.12808323892592838,-0.8723522267194943,-0.2085543151086084,-0.8367615408642732
464,-0.12659028698623795,-1.1517063622667791,-0.2085543151086084,-0.8358454338875897
465,-0.11409487746202304,-1.3664995640669026,-0.13869044606762193,-0.834381891137503
466,-0.0635228019520554,-1.5382521433688958,-0.12122447880737569,-0.8340160054499814
467,-0.041140792595948585,-1.7107891792079288,-0.19108834784836165,-0.8354795482000681
468,-0.017242104302484358,-1.8838491860716646,-0.12122447880737569,-0.8358454338875897
469,-0.02410515116167882,-1.8427000468902985,0.0359692265348442,-0.8385932632560329
470,-0.04350750933373631,-1.736331236765587,-0.012062183430834079,-0.839737782524882
471,-0.07767632755488861,-1.583292888912514,0.009770275644474342,-0.8431713403314289
472,-0.17411401390463907,-1.3878559110397715,0.05343519379509069,-0.8477494174068219
473,-0.24715143889690985,-1.164153179820583,0.22809486639755708,-0.8477494174068219
474,-0.2702554322284749,-1.2969990725419591,0.22809486639755708,-0.8569063908269494
475,-0.33034603080209723,-1.4590182354484853,0.22809486639755708,-0.8598821818894213
476,-0.4068959207738272,-1.737730479095569,0.2717597845481734,-0.8688095550768401
477,-0.5731902504697604,-1.4501202398789412,0.31542470269878975,-0.8852907964021238
478,-0.6141373676963954,-0.7849616787531545,0.40275453900002295,-0.8852907964021238
479,-0.8415070837096955,-0.1519359966686541,0.40275453900002295,-0.8944477698222514
480,-0.9283322219816452,0.234789335649758,0.40275453900002295,-0.8962791098883222
481,-0.9939537494149367,0.2520641433190584,0.4726184080410099,-0.8971947799213561
482,-1.0099905367881838,0.09518288274294766,0.49008437530125665,-0.9017712184580691
483,-0.9908725359273179,-0.07499636287950123,0.49008437530125665,-0.9026869977270153
484,-1.0033737003910537,-0.2651225860714366,0.5119168343765648,-0.9063501148028036
485,-0.9977736898277304,-0.5491103199138091,0.5774142116024898,-0.9049762001185805
486,-1.00387217245979,-0.8956723941897969,0.6298121133832291,-0.9036022854343574
487,-0.9647159111868241,-0.8104243663486776,0.6647440479037225,-0.9008564223123313
488,-0.9033959690466741,-0.6172238129782818,0.7171419496844622,-0.8990258468976444
489,-0.8236537381708835,-0.512665776630783,0.7520738842049552,-0.8976525466654282
490,-0.7399640420316728,-0.43026836953899134,0.6822100151639693,-0.8971947799213561
491,-0.6801876845237552,-0.9351417032867262,0.6647440479037225,-0.8926142450379415
492,-0.6320242374872052,-1.344956948853806,0.6647440479037225,-0.8926142450379415
493,-0.5510879319962132,-1.3745398416982662,0.6647440479037225,-0.8898688734775169
494,-0.48487434110374,-1.227697374306123,0.6647440479037225,-0.8909670221016862
495,-0.4231592237103479,-0.963238000089569,0.6647440479037225,-0.8926142450379415
496,-0.42189834457510295,-0.6109425344568555,0.6647440479037225,-0.8939893886261725
497,-0.41881173775787406,-0.34255016093576707,0.6647440479037225,-0.8944477698222514
498,-0.4190725934212614,-0.4976062472774077,0.6647440479037225,-0.8880378065012285
499,-0.34681129681089706,-0.724201126145953,0.5774142116024898,-0.8874884044814082
500,-0.29657830849445965,-1.0581041938048348,0.5774142116024898,-0.8852907964021238
501,-0.24230996675620203,-1.1556415048951854,0.5774142116024898,-0.8852907964021238
502,-0.20999894990307444,-1.0956016449398303,0.5774142116024898,-0.8852907964021238
503,-0.19232235969880512,-0.9275168286132363,0.5119168343765648,-0.8887243542086679
504,-0.1949498096514221,-0.7324207731938259,0.49008437530125665,-0.8898688734775169
505,-0.23816582645177284,-0.3952571740951433,0.49008437530125665,-0.8884040198964874
506,-0.25189493221633735,-0.05809357499648836,0.49008437530125665,-0.8880378065012285
507,-0.22864276443040366,-0.06158987206215911,0.4202205062602697,-0.8836432457581342
508,-0.14834762275772684,-0.31954081370050696,0.31542470269878975,-0.8779648899582847
509,-0.032493347053973345,-0.959173722197905,0.31542470269878975,-0.8773542612097405
510,-0.01664233591549754,-0.959173722197905,0.31542470269878975,-0.8761330037126549
511,0.010959795672628739,-1.0781978551018125,0.22809486639755708,-0.8733876321522331
512,0.02398798141016306,-1.375758187361575,0.22809486639755708,-0.8733876321522331
513,0.05310914051667165,-1.568194224761669,0.22809486639755708,-0.8715565651759448
514,0.07767113404428548,-1.582018280997578,0.22809486639755708,-0.8715565651759448
515,0.0792519004050031,-1.1617258655359102,0.15823099735657062,-0.8715565651759448
516,0.07532366592866531,-0.8449360907831344,0.22809486639755708,-0.8688095550768401
517,0.06384185502961927,-0.6834002770937386,0.19898492096381218,-0.8688095550768401
518,0.07951361529143014,-0.6834002770937386,0.08836712831558391,-0.8688095550768401
519,0.09076839497923503,-0.7440718817602672,0.05343519379509069,-0.867345356911282
520,0.08941722037719804,-1.047429905092924,0.05343519379509069,-0.8669793073698904
521,0.09717817032347674,-1.249212662139855,-0.0047846970723976106,-0.8700308125739286
522,0.10353645563552169,-1.0446943540439508,0.03160273471978252,-0.8715565651759448
523,0.04013212172520614,-0.8750606513257096,0.1189325710210157,-0.8715565651759448
524,0.01046164514906726,-0.7286833521925908,0.05343519379509069,-0.8697256620535236
525,-0.0014760225246638003,-0.6380569210109814,0.05343519379509069,-0.8669793073698904
526,0.0029108313096396442,-0.5474304898293858,0.018503259274597464,-0.8647810438751345
527,0.04811001835511789,-0.7377576496343007,-0.033894642506142256,-0.861483648633001
528,0.08657137093775238,-0.9191833174846649,-0.033894642506142256,-0.8601103484007847
529,0.13776651042307655,-1.0650030175167977,-0.1037585115471287,-0.8596525816567127
530,0.16061508508115346,-1.1772872005907316,-0.12122447880737569,-0.8569063908269494
531,0.1697724177167926,-1.2672143723592042,-0.033894642506142256,-0.8569063908269494
532,0.183168984474841,-1.2355427434229098,-0.12122447880737569,-0.8523266752128734
533,0.19654577226664333,-1.1228052473501233,-0.12122447880737569,-0.8523266752128734
534,0.21599955326829678,-1.0697314578932002,-0.12122447880737569,-0.8561431048912705
535,0.24776253215503816,-1.056433472846862,-0.12122447880737569,-0.8569063908269494
536,0.22587427407769775,-1.0627533311979898,-0.19108834784836215,-0.8569063908269494
537,0.17368179066364048,-1.0821517518140809,-0.2085543151086084,-0.8569063908269494
538,0.1460348982065082,-1.0856914511881588,-0.21947054464626273,-0.8596525816567127
539,0.12722270940763786,-1.0786586697342186,-0.2085543151086084,-0.8596525816567127
540,0.08535401340422381,-1.0786747446632607,-0.2085543151086084,-0.861483648633001
541,0.05126843992438124,-1.0914603413465245,-0.2085543151086084,-0.8633149886990718
542,0.01606053937876932,-1.1482751686637054,-0.2085543151086084,-0.8642306587321057
543,-0.011696748970970988,-1.0996133444177631,-0.2085543151086084,-0.8642306587321057
544,-0.05345440017005721,-0.9806337524630723,-0.18672185603330047,-0.8653753828182893
545,-0.06628478888280807,-0.9227640079277831,-0.12122447880737569,-0.8688095550768401
546,-0.09476550293917944,-0.8557369121507672,-0.15615641332786892,-0.8717389345311649
547,-0.14204353989462964,-0.7520804114067878,-0.1648893969579918,-0.8761330037126549
548,-0.22571547871011466,-0.6306595831306646,-0.18672185603330047,-0.8761330037126549
549,-0.28086527927347205,-0.4825922635563118,-0.12122447880737569,-0.8761330037126549
550,-0.28556473220424117,-0.5908167233018069,-0.13869044606762193,-0.8761330037126549
551,-0.2788820492451383,-0.7178520650070688,-0.16488939695799204,-0.8761330037126549
552,-0.2652807439902726,-0.90101764298914,-0.12122447880737569,-0.8761330037126549
553,-0.25669353680355467,-1.007730054722031,-0.12122447880737569,-0.8761330037126549
554,-0.24838937497920152,-1.031055781438621,-0.12122447880737569,-0.8761330037126549
555,-0.23946146688049003,-0.9987903848110201,-0.12122447880737569,-0.8761330037126549
556,-0.231388277393053,-0.9106294458705434,-0.12122447880737569,-0.8779648899582847
557,-0.22941954514836788,-0.8153975475196806,-0.12122447880737569,-0.8779648899582847
558,-0.24235635795170382,-0.7095592100531973,-0.12122447880737569,-0.8779648899582847
559,-0.24162559089616858,-0.6420668120594099,-0.19108834784836165,-0.8801638088685148
560,-0.23684489901193315,-0.5841608989338002,-0.13869044606762193,-0.8807135385960723
561,-0.24452818158746623,-0.6071279537962313,-0.12122447880737569,-0.8788811061708806
562,-0.2515744314639483,-0.6503132506556866,-0.12122447880737569,-0.8779648899582847
563,-0.22900235535095145,-0.7104115161865413,-0.1801721183107083,-0.8768657582109068
564,-0.20921311387030048,-0.7747380238852493,-0.21128337249302198,-0.8761330037126549
565,-0.1801030985812875,-1.0471812795238065,-0.2085543151086084,-0.8761330037126549
566,-0.1683275131324323,-1.228123359925625,-0.12122447880737569,-0.8761330037126549
567,-0.16226847594342017,-1.0430607393805016,-0.12122447880737569,-0.8785146196858422
568,-0.17243571554144987,-0.8844333396376877,-0.12122447880737569,-0.8807135385960723
569,-0.2036037971595363,-0.8315468231040546,-0.12122447880737569,-0.8807135385960723
570,-0.22568818204164864,-0.8035238377199964,-0.12122447880737569,-0.8807135385960723
571,-0.22981002135617354,-0.8127961490603133,-0.12122447880737569,-0.8807135385960723
572,-0.22747351625309434,-0.8273150980349122,-0.12122447880737569,-0.8825446055723607
573,-0.2325572396382811,-0.8628205975466674,-0.12122447880737569,-0.8825446055723607
574,-0.24464842886745464,-0.9074224975275501,-0.12122447880737569,-0.8852907964021238
575,-0.2686910490338763,-0.9884099993849983,-0.12122447880737569,-0.8864353156709729
576,-0.3265543283221994,-1.0160548585973797,-0.12122447880737569,-0.8898688734775169
577,-0.35244030379759805,-1.0081379560463652,-0.12122447880737569,-0.8898688734775169
578,-0.3535815734354817,-0.7120070476574485,-0.05572710158145067,-0.8898688734775169
579,-0.3421802758159764,-0.4173073822619745,-0.033894642506142256,-0.8898688734775169
580,-0.33032928579777887,-0.4165466946781475,-0.033894642506142256,-0.8895636956481374
581,-0.3206217821766963,-0.412816354913861,-0.033894642506142256,-0.8880378065012285
582,-0.3092869492118573,-0.40463153687889214,-0.12122447880737569,-0.8880378065012285
583,-0.2888382059073424,-0.4788668987518548,-0.12122447880737569,-0.8852907964021238
584,-0.26266123718511936,-0.6080490472300819,-0.12122447880737569,-0.8858401984219443
585,-0.23465131919816734,-0.7372928950683114,-0.12122447880737569,-0.8880378065012285
586,-0.21522230008567078,-0.8665778758131811,-0.12122447880737569,-0.89124278816174
587,-0.22351787470198284,-0.995862856558051,-0.12122447880737569,-0.8944477698222514
588,-0.2816873939231173,-1.070211294524976,-0.12122447880737569,-0.8965080273965792
589,-0.32255857649315506,-0.9248135613800809,-0.2085543151086084,-0.8971947799213561
590,-0.35792705615124254,-0.668185356759663,-0.2085543151086084,-0.8944477698222514
591,-0.36347258038814206,-0.3374035044889104,-0.2085543151086084,-0.8951345223470283
592,-0.31903838278675206,-0.4321357404621991,-0.2085543151086084,-0.8971947799213561
593,-0.30732596024754333,-0.6332464984964982,-0.2085543151086084,-0.8981103134095002
594,-0.3233262099528809,-0.744199677446108,-0.2085543151086084,-0.8990258468976444
595,-0.3272444690523289,-0.8551528563957317,-0.2085543151086084,-0.9003985326778567
596,-0.33987065517688575,-0.8914688002464611,-0.16488939695799204,-0.9017712184580691
597,-0.35000387827457835,-0.8827829802564878,-0.12122447880737569,-0.9001239955218137
598,-0.36725419477341376,-0.6940901049037305,-0.12122447880737569,-0.8990258468976444
599,-0.3474494090319545,-0.5478028923520801,-0.12122447880737569,-0.8990258468976444
600,-0.3157537782786331,-0.4651241740021392,-0.19108834784836215,-0.8990258468976444
601,-0.2960920321993201,-0.37424724184303443,-0.2085543151086084,-0.9017712184580691
602,-0.2823044122328043,-0.2779048338111584,-0.2085543151086084,-0.9017712184580691
603,-0.2999547485646059,-0.3668889430760822,-0.2986132087942552,-0.9063501148028036
604,-0.31805831035404103,-0.47187731866970095,-0.3013422661786687,-0.9077236198523544
605,-0.36278944242566535,-0.45555624228123043,-0.2958841514098418,-0.9090971249019053
606,-0.3858116831533267,-0.33077460562704064,-0.2958841514098418,-0.9109281918781965
607,-0.4019466291255078,-0.13368592879568175,-0.2958841514098418,-0.9116151492203081
608,-0.4164940442460471,-0.08446650544875459,-0.33954906956045816,-0.9136760212466398
609,-0.41183432731325564,-0.11527611631539106,-0.3963134631562596,-0.9136760212466398
610,-0.43533165189298434,-0.2661292785024182,-0.3832139877110748,-0.9136760212466398
611,-0.42918493406034774,-0.29959125266026454,-0.3832139877110748,-0.9182524597833528
612,-0.4564996530588616,-0.28446976785122713,-0.3832139877110748,-0.9189852142816047
613,-0.4717436381008613,-0.19240563520382165,-0.3832139877110748,-0.9200843460289826
614,-0.48484008061944434,-0.1691632971816164,-0.3832139877110748,-0.9200843460289826
615,-0.4743425038631147,-0.19180215557620214,-0.3832139877110748,-0.9200843460289826
616,-0.4278795171516025,-0.31377795164053035,-0.3832139877110748,-0.9155062689535896
617,-0.37024483884733794,-0.46423727752608296,-0.3832139877110748,-0.9155062689535896
618,-0.34375932715495094,-0.6201705465173152,-0.3832139877110748,-0.9155062689535896
619,-0.3273979888956016,-0.6990387250551706,-0.3832139877110748,-0.917337499783745
620,-0.3131454057028356,-0.6623092679129741,-0.3832139877110748,-0.9200843460289826
621,-0.3572142120716997,-0.6075736886142609,-0.3832139877110748,-0.9242048611776382
622,-0.3794993233270503,-0.5022559205015238,-0.3832139877110748,-0.925578366227192
623,-0.43486881575027636,-0.24262572288334222,-0.3832139877110748,-0.925578366227192
624,-0.44040093142782205,-0.13186946181443415,-0.3832139877110748,-0.925578366227192
625,-0.4293908008759649,-0.12036249177837047,-0.3832139877110748,-0.9269522809114121
626,-0.4170826705277064,-0.16254578472781656,-0.3832139877110748,-0.9274102524728218
627,-0.41890083470697626,-0.2181516434236332,-0.3832139877110748,-0.930156443302585
628,-0.41470388685697546,-0.15353042869256714,-0.3832139877110748,-0.9316821959046012
629,-0.4366956420734798,-0.0932184431528031,-0.3832139877110748,-0.9347337011086365
630,-0.4704453480919618,-0.04030917772407142,-0.3832139877110748,-0.9365664066236078
631,-0.5043596602423612,-0.005519514896026728,-0.3832139877110748,-0.9365664066236078
632,-0.5127415938797176,0.029270147932017966,-0.3832139877110748,-0.9393142359920511
633,-0.5257115456972237,0.06405981076007647,-0.3832139877110748,-0.9393142359920511
634,-0.5154039682383597,-0.1499979630365617,-0.3832139877110748,-0.9393142359920511
635,-0.5006576993428667,-0.3640557368332137,-0.3832139877110748,-0.9393142359920511
636,-0.47743354947622413,-0.5719347097810403,-0.3832139877110748,-0.9387646701183636
637,-0.4572301744182701,-0.6510575198701279,-0.3832139877110748,-0.9365664066236078
638,-0.42844310012073766,-0.5370460856710998,-0.3308160859303348,-0.9354667833146256
639,-0.3863008495882727,-0.49144151199149955,-0.2958841514098418,-0.9347337011086365
640,-0.35946144986494766,-0.49144151199149955,-0.2958841514098418,-0.9385806622244606
641,-0.31485082018636146,-0.46717908576411776,-0.2958841514098418,-0.9411453029683423
642,-0.31136481847753067,-0.4368510529798871,-0.2958841514098418,-0.944807436920919
643,-0.3690858808004959,-0.34676447149845047,-0.2958841514098418,-0.9466385038972102
644,-0.40786042274955925,-0.2748693513778936,-0.3832139877110748,-0.9438906745287641
645,-0.4540089492378459,-0.27574007670075906,-0.3832139877110748,-0.9438906745287641
646,-0.4361403174619645,-0.32725754511135535,-0.36574802045082805,-0.9438906745287641
647,-0.40126232260828365,-0.4547451281535477,-0.2958841514098418,-0.9457221511397246
648,-0.3776364056410957,-0.5516290603573812,-0.2958841514098418,-0.9512165809726032
649,-0.37625149847326944,-0.6281105586689891,-0.2958841514098418,-0.9525898812048195
650,-0.44197143134306766,-0.5932681499800363,-0.2958841514098418,-0.9530476479488915
651,-0.4634637847835423,-0.5638028050541569,-0.2085543151086084,-0.9530476479488915
652,-0.4764639943216145,-0.5558457151805577,-0.2085543151086084,-0.9530476479488915
653,-0.46555176012160715,-0.6223442519813657,-0.16488939695799204,-0.9530476479488915
654,-0.4452157331255576,-0.721943938193592,-0.12122447880737569,-0.9551079055232193
655,-0.4301434485841267,-0.7553998842530493,-0.12122447880737569,-0.9557946580479962
656,-0.44768590548243387,-0.5841235247237822,-0.033894642506142256,-0.962202982830339
657,-0.4915283914751911,-0.2763589614686986,-0.033894642506142256,-0.9649499929294437
658,-0.5240896447825257,-0.19327454252877233,-0.033894642506142256,-0.9676970030285456
659,-0.5880187804830935,-0.0595101781179157,-0.033894642506142256,-0.9695288892741754
660,-0.5987089008187312,0.10804081660688067,-0.033894642506142256,-0.9672402603711495
661,-0.5928596379554425,-0.15738496703393756,-0.033894642506142256,-0.9649516314681238
662,-0.5167395193062039,-0.27963583575300843,-0.033894642506142256,-0.9676970030285456
663,-0.47666036859175476,-0.30643676119091445,-0.033894642506142256,-0.9676970030285456
664,-0.48534174588174456,-0.2544086458678883,-0.033894642506142256,-0.97227589937328
665,-0.4834215150797823,-0.14982783670424987,-0.033894642506142256,-0.97227589937328
666,-0.5188695591909043,-0.11088524944878796,-0.033894642506142256,-0.97227589937328
667,-0.521430705889238,-0.0883522176703632,-0.033894642506142256,-0.9717264973534596
668,-0.5093768196671301,0.06529436531016096,-0.033894642506142256,-0.9695288892741754
669,-0.4923730725007993,0.25171933609120956,-0.05136060976638899,-0.9695288892741754
670,-0.43962356942877745,0.1489788383868808,-0.12122447880737569,-0.9695288892741754
671,-0.41488088509110077,-0.0260530264387889,-0.12122447880737569,-0.9702156417989521
672,-0.3862424646550152,-0.08960847337464974,-0.12122447880737569,-0.97227589937328
673,-0.37977731208619786,-0.12529481583806643,-0.12122447880737569,-0.9702156417989521
674,-0.3917365510808476,-0.1609811583014949,-0.2085543151086084,-0.9695288892741754
675,-0.347108482113766,-0.09080720379716638,-0.2085543151086084,-0.9741069663495713
676,-0.38236104370898194,-0.040488848545491306,-0.2085543151086084,-0.9706734085430243
677,-0.3589620754836063,-0.05965150353571254,-0.2085543151086084,-0.9695288892741754
678,-0.3077357514240333,-0.07881415852591997,-0.2085543151086084,-0.9695288892741754
679,-0.28088450692158,-0.09797681351612879,-0.2085543151086084,-0.9695288892741754
680,-0.2636142222619201,-0.20210484551187413,-0.2085543151086084,-0.9695288892741754
681,-0.25323819317727414,-0.3084646134890087,-0.2085543151086084,-0.9695288892741754
682,-0.2448102766965151,-0.338785948386142,-0.2085543151086084,-0.9695288892741754
683,-0.23713409105788383,-0.36910728328327513,-0.24348624962910187,-0.9695288892741754
684,-0.23138681634291366,-0.3994286181803946,-0.2667742059760977,-0.9695288892741754
685,-0.2256631436373387,-0.4137165509399637,-0.2085543151086084,-0.9695288892741754
686,-0.21898641311635234,-0.36387087514927635,-0.2085543151086084,-0.9724592518517116
687,-0.2132311247411282,-0.3066896734077766,-0.2085543151086084,-0.9768547957180145
688,-0.28154743616360806,-0.23850518274005117,-0.2085543151086084,-0.9777703292061586
689,-0.31949144302015925,-0.03484621355895656,-0.2609522168893486,-0.9786858626943028
690,-0.3500024314925079,0.25912907463108314,-0.2958841514098418,-0.9841782443538322
691,-0.3920270703424598,0.401237188369347,-0.2958841514098418,-0.9832631205003572
692,-0.4252407407502237,0.4033694128852689,-0.2958841514098418,-0.9814328727934075
693,-0.3853432168310811,0.3121843779195973,-0.2958841514098418,-0.9777704111330937
694,-0.3658645648751609,0.2185720286692665,-0.2958841514098418,-0.9768547957180145
695,-0.345310722698194,0.12435285084776063,-0.3941302172487289,-0.9768547957180145
696,-0.27488450477606285,0.03013367302625472,-0.3832139877110748,-0.9768547957180145
697,-0.2402796897719742,-0.05601589041838387,-0.3832139877110748,-0.9741069663495713
698,-0.21861349544954897,-0.10988699635555436,-0.3832139877110748,-0.9741069663495713
699,-0.17949172785817968,-0.1637581022927363,-0.3832139877110748,-0.9768547957180145
700,-0.1713132287303939,-0.2176292082299194,-0.3832139877110748,-0.9761678383759029
701,-0.19349009158001615,-0.1527708882955391,-0.3832139877110748,-0.9741069663495713
702,-0.17542521520219548,-0.008759617780153335,-0.44871136493699953,-0.9761678383759029
703,-0.15233277969037992,-0.08980137252310072,-0.48800979127255445,-0.9768547957180145
704,-0.16323119520969448,-0.17084312726603956,-0.47491031582736937,-0.9768547957180145
705,-0.178960127048282,-0.25188488200898956,-0.4705438240123077,-0.9768547957180145
706,-0.18195242267958506,-0.33292663675193956,-0.4792768076424311,-0.9768547957180145
707,-0.18076366468886157,-0.3828660829620192,-0.4705438240123077,-0.9768547957180145
708,-0.1782137604289078,-0.4207680864777795,-0.4705438240123077,-0.9741069663495713
709,-0.17513645051341017,-0.41052031921633175,-0.3832139877110748,-0.9741069663495713
710,-0.13623035412602322,-0.3330846028351828,-0.3832139877110748,-0.9768547957180145
711,-0.12166532507583923,-0.15486696277449608,-0.3832139877110748,-0.9786856578769682
712,-0.1526755757825167,-0.08303241162602748,-0.3832139877110748,-0.9841782443538322
713,-0.19697480745058085,-0.07605603912263029,-0.3832139877110748,-0.9855521590380524
714,-0.2647050625557656,-0.044824144100413,-0.3832139877110748,-0.986010130599462
715,-0.29314668524546217,-0.013592249078195716,-0.3832139877110748,-0.9882077386787433
716,-0.31155024286175104,0.017639645944021554,-0.3832139877110748,-0.9887571406985667
717,-0.330737476953149,-0.07490259246010891,-0.36574802045082805,-0.9887571406985667
718,-0.3441588684369246,-0.35310603100378174,-0.2958841514098418,-0.989215317077308
719,-0.33951448568191356,-0.5089380675658329,-0.2958841514098418,-0.990589846213535
720,-0.3303560983507059,-0.5831891694734698,-0.23038677418391706,-0.9940227895680751
721,-0.35354302910652297,-0.6474754898495929,-0.2085543151086084,-0.9951671040195894
722,-0.3997817526119341,-0.6743484845526739,-0.2085543151086084,-0.990589846213535
723,-0.3961124085153315,-0.5515681765636553,-0.12122447880737569,-0.990589846213535
724,-0.3395794864328281,-0.4614617693364206,-0.033894642506142256,-0.9933352177739596
725,-0.31995621362749466,-0.502050965156294,-0.033894642506142256,-0.9933352177739596
726,-0.3323822815409315,-0.5385946371683931,-0.033894642506142256,-0.9951671040195894
727,-0.3377227530981617,-0.5690700234687959,-0.016428675245895762,-0.9951671040195894
728,-0.34602498787728536,-0.6760074172293491,0.05343519379509069,-0.9951671040195894
729,-0.3413687603431443,-0.8339194826299978,0.05343519379509069,-0.9951671040195894
730,-0.3321411260840579,-0.9031895668387243,0.05343519379509069,-0.9951671040195894
731,-0.32181817677971636,-0.9133649969195168,0.07090116105533742,-0.9942516524583774
732,-0.3103715520772025,-0.9500682795811731,0.14076503009632338,-0.990589846213535
733,-0.2647944480051961,-1.0044567972967573,0.1931629318770636,-0.990589846213535
734,-0.21727234661921996,-0.8760583016091007,0.22809486639755708,-0.990589846213535
735,-0.2001924487206738,-0.7548560158206126,0.22809486639755708,-0.9942516524583774
736,-0.19072959200971862,-0.6624385696287286,0.297958735438543,-0.9951671040195894
737,-0.2341424995842595,-0.5329952035536308,0.31542470269878975,-1.0010265183437133
738,-0.2576637231774824,-0.3480129576537049,0.31542470269878975,-1.0024913719247457
739,-0.3496602461307434,-0.19131454939539252,0.31542470269878975,-1.0052400205625305
740,-0.37532953303185485,-0.053472032898178895,0.31542470269878975,-1.0052400205625305
741,-0.4105817907172292,-0.122535286353284,0.31542470269878975,-1.0045528584030843
742,-0.4120584843649274,-0.24332498229647911,0.31542470269878975,-1.0024913719247457
743,-0.39344005992124226,-0.47175977075110637,0.31542470269878975,-1.0024913719247457
744,-0.3480809901876773,-0.6879682360952406,0.31542470269878975,-1.0024913719247457
745,-0.32477275660021915,-0.8858372167736283,0.40275453900002295,-0.9979141141186941
746,-0.2744550519168438,-0.9487360698371934,0.40275453900002295,-0.9979141141186941
747,-0.21620889673504562,-0.9216548378242004,0.49008437530125665,-0.9951671040195894
748,-0.16774824470569308,-0.9095852452718106,0.49008437530125665,-0.9951671040195894
749,-0.14829223274896533,-0.9102285773276744,0.49008437530125665,-0.9951671040195894
750,-0.13836566646126533,-0.9617236078164851,0.49008437530125665,-0.9951671040195894
751,-0.1347890749639391,-1.0551973108038804,0.49008437530125665,-0.9951671040195894
752,-0.13263425350014837,-1.176656795456975,0.5774142116024898,-0.9997435425562996
753,-0.1651822782540714,-1.0547418544811413,0.5774142116024898,-0.9997435425562996
754,-0.19767373947919442,-0.8719833070980754,0.5774142116024898,-0.9997435425562996
755,-0.20630493003937023,-0.6713802489058921,0.5948801788627366,-1.00029310842999
756,-0.2059979314448601,-0.47077719071369506,0.6647440479037225,-1.0024913719247457
757,-0.2028814368495212,-0.5851503108160561,0.6647440479037225,-1.0018044145826341
758,-0.2236438909612692,-0.6902619753743431,0.6647440479037225,-0.9997435425562996
759,-0.23045700860073823,-0.75832781775632,0.6647440479037225,-0.9979141141186941
760,-0.19633130960466824,-0.8337772195080121,0.7520738842049552,-0.9979141141186941
761,-0.1661984250419975,-0.8876081381226104,0.7520738842049552,-0.9979141141186941
762,-0.14586721095056343,-0.8475815648190355,0.7520738842049552,-0.9979141141186941
763,-0.13741251752997444,-0.8111450590005238,0.7520738842049552,-0.9979141141186941
764,-0.13244934542022774,-0.7800936544095997,0.7520738842049552,-0.9965406090691403
765,-0.129548364595015,-0.653870632451704,0.8044717859856949,-0.9951671040195894
766,-0.12703399261784437,-0.46419986558248005,0.7739063432802639,-0.9937931893353664
767,-0.09007540940428174,-0.3187657724790537,0.7520738842049552,-0.9933352177739596
768,-0.048522449702999335,-0.3884306875638635,0.7520738842049552,-0.9887571406985667
769,-0.01126202734237166,-0.7641553622688446,0.7520738842049552,-0.9837215016964361
770,0.032745109298676134,-0.9175557309196185,0.7520738842049552,-0.9786858626943028
771,0.14011590900826412,-0.9227398955342268,0.7520738842049552,-0.9814328727934075
772,0.19655032320953478,-0.9279240601488485,0.7520738842049552,-0.9814328727934075
773,0.16880888482822257,-0.7898392715068365,0.6647440479037225,-0.9786858626943028
774,0.17142518902288734,-0.4368510529798871,0.6647440479037225,-0.9773125624620865
775,0.17579712644843595,-0.31326164022931086,0.6647440479037225,-0.9768547957180145
776,0.18727868622948896,-0.205318491741965,0.6647440479037225,-0.9768547957180145
777,0.1869272020826065,-0.15996040030759617,0.5774142116024898,-0.9768547957180145
778,0.17728173716157228,-0.2064741905986813,0.5774142116024898,-0.9768547957180145
779,0.16319690107316118,-0.3907958034779197,0.5424822770819964,-0.9757556639706366
780,0.15059239185322332,-0.4648726036549147,0.49008437530125665,-0.9741069663495713
781,0.1494071149285981,-0.4654528620304187,0.49008437530125665,-0.9702609883569558
782,0.16493581498224855,-0.43327356716260046,0.49008437530125665,-0.9676970030285456
783,0.19451430532556466,-0.392904383983976,0.49008437530125665,-0.9656379743582284
784,0.24644155848665894,-0.3343055873879192,0.49008437530125665,-0.9649516314681238
785,0.2726295415864668,-0.31294282080339625,0.40275453900002295,-0.962202982830339
786,0.2842775857478782,-0.44052417426496715,0.40275453900002295,-0.962202982830339
787,0.30122924790358846,-0.5494211018751955,0.40275453900002295,-0.9557946580479962
788,0.3033605522244534,-0.6302913907084169,0.31542470269878975,-0.9552452560281759
789,0.3695372270598602,-0.6810854873123199,0.31542470269878975,-0.9530476479488915
790,0.4144031033390375,-0.7118287890966907,0.31542470269878975,-0.9530476479488915
791,0.4116190451913436,-0.6982203569833203,0.22809486639755708,-0.9530476479488915
792,0.3898031596048063,-0.5939372689012278,0.22809486639755708,-0.9557946580479962
793,0.33660820175021566,-0.3536421968660584,0.22809486639755708,-0.9546958540083555
794,0.2960236686564545,-0.14380509662483312,0.18442994824694023,-0.9530476479488915
795,0.2981612249592487,0.058417510667882123,0.14076503009632338,-0.9546958540083555
796,0.28262174794865963,-0.104984142999093,0.14076503009632338,-0.9557946580479962
797,0.23643062699770104,-0.2638687416065014,0.05343519379509069,-0.9512165809726032
798,0.23061606207766708,-0.4046851199756858,0.05070613641067735,-0.9505298284478263
799,0.25559456675632203,-0.4343071954596821,0.04979645061587258,-0.9484695708734986
800,0.27678250469327187,-0.4348587664622927,0.05343519379509069,-0.9470047172924662
801,0.2823266720369294,-0.4303226224244934,0.05343519379509069,-0.9466385038972102
802,0.2866949137475679,-0.420153220442104,0.05343519379509069,-0.9438906745287641
803,0.2930434619594552,-0.40622831316329827,0.05343519379509069,-0.9427925259045947
804,0.2996675950464344,-0.36135246960005835,-0.0047846970723976106,-0.9411453029683423
805,0.3146726621499455,-0.33402073660955645,-0.033894642506142256,-0.9396804493873099
806,0.3156772151625913,-0.3768654459100338,-0.036077888413673216,-0.9402295236993959
807,0.3055524296294468,-0.40314996425260136,-0.04208181465938325,-0.9427465648945873
808,0.24391732327960933,-0.4183943552899002,-0.03826113432120394,-0.9393142359920511
809,0.23836002217958296,-0.32216906459814565,-0.0957532765528489,-0.9393142359920511
810,0.25782413611590527,-0.24771343792373834,-0.05136060976638899,-0.9393142359920511
811,0.24849115215173753,-0.24771343792373834,-0.033894642506142256,-0.9393142359920511
812,0.23692305939335806,-0.19328372820250678,-0.12122447880737569,-0.9393142359920511
813,0.21965962768664138,-0.10256754533377724,-0.13869044606762193,-0.9411453029683423
814,0.181081021121953,-0.14645210160636132,-0.12395353619178903,-0.9411453029683423
815,0.1542470232890804,-0.2239868426642791,-0.12668259357620237,-0.9411453029683423
816,0.135633992175007,-0.07323271352223375,-0.12122447880737569,-0.9411453029683423
817,0.12244477068975662,0.004420819347590204,-0.12122447880737569,-0.9411453029683423
818,0.10740745375805924,0.033340621369261934,-0.12122447880737569,-0.9393142359920511
819,0.10165827140243125,0.08433171103580392,-0.17944436967486424,-0.9374823497464213
820,0.11123688043837954,0.02432879588386966,-0.21947054464626273,-0.9365664066236078
821,0.1315124396486423,-0.20216512649576523,-0.2107375610161396,-0.9347337011086365
822,0.14041437758114705,-0.24942541786624597,-0.21674148726184939,-0.9340473582185318
823,0.15726193734625749,-0.3245783902717564,-0.2085543151086084,-0.9319883295482148
824,0.1552069760340891,-0.5113020868174272,-0.2085543151086084,-0.9333610153284242
825,0.18035044754141655,-0.4948702943552067,-0.2085543151086084,-0.9347337011086365
826,0.1809133656185932,-0.17370526838118408,-0.2151040528312013,-0.9358333244176187
827,0.13353473193679255,0.21044079373109137,-0.21128337249302198,-0.9365664066236078
828,0.10633500728644209,0.6890584100507735,-0.27841818414959485,-0.9387646701183636
829,0.07105779560664652,0.9717226414023888,-0.3832139877110748,-0.9393142359920511
830,0.04214460757038771,1.123751282775279,-0.41596267632403705,-0.9365664066236078
831,0.0017117982555283546,0.6604316405896891,-0.4705438240123077,-0.9365664066236078
832,0.019605977292089887,0.279350330677281,-0.48800979127255445,-0.9319883295482148
833,0.03911194774661978,-0.046905424386325396,-0.4705438240123077,-0.930156443302585
834,0.09624421342719673,0.09207573291772188,-0.4705438240123077,-0.9296072051366318
835,0.12175534050940126,0.23920922350432694,-0.4705438240123077,-0.9274102524728218
836,0.14568118595816382,0.4189520472210664,-0.5069312558044886,-0.9274102524728218
837,0.15852899312803234,0.5180479566393495,-0.5633317750823681,-0.9274102524728218
838,0.15225841705281795,0.5633792565253145,-0.6452034966147738,-0.925578366227192
839,0.142569377452857,0.5633792565253145,-0.6543003545628189,-0.925578366227192
840,0.1549041277351278,0.5633792565253145,-0.6648527097825513,-0.9270438752236958
841,0.15262018105715724,0.5633792565253145,-0.6495699884298355,-0.9274102524728218
842,0.11884913857015401,0.49988596598172075,-0.6561197261524282,-0.9200843460289826
843,0.103886893647678,0.18241951326375141,-0.7543657919913151,-0.9200843460289826
844,0.18258837970087402,-0.13504693945419036,-0.7434495624536611,-0.9182524597833528
845,0.20746080643226827,-0.45251339217215975,-0.7188880459939396,-0.9187104313447595
846,0.22133573755652594,-0.5716785155994963,-0.6452034966147738,-0.9200843460289826
847,0.19482048550370834,-0.5586427528330914,-0.6452034966147738,-0.9255787758618612
848,0.16945221830599289,-0.43313774437220837,-0.6452034966147738,-0.9274102524728218
849,0.07895057222598167,-0.22049322475344182,-0.5578736603135411,-0.9274102524728218
850,0.013186339859415228,0.34070933949678917,-0.6452034966147738,-0.927959490638772
851,-0.0058106398214671715,0.6107520723990634,-0.6452034966147738,-0.930156443302585
852,-0.022052899355578994,0.4440550582793681,-0.6452034966147738,-0.9308891978008369
853,-0.05560445615628972,0.2978294662890534,-0.6452034966147738,-0.9319883295482148
854,-0.0933694422658419,0.027806827048071563,-0.6452034966147738,-0.930156443302585
855,-0.10803366945955266,-0.4483828051982156,-0.6102715620942806,-0.9290579669706786
856,-0.09133895737731836,-0.5063483295190082,-0.5578736603135411,-0.9274102524728218
857,-0.07517135291523351,-0.4597578268584272,-0.5054757585328009,-0.9290579669706786
858,-0.05623745395992387,-0.4338972847692225,-0.4705438240123077,-0.930156443302585
859,-0.07718670366286147,-0.40803674268001794,-0.418145922231568,-0.9340024212951975
860,-0.10195230784790323,-0.1315158133756017,-0.3832139877110748,-0.9365664066236078
861,-0.17455931356477522,0.14500511592878693,-0.3832139877110748,-0.9393137444304468
862,-0.21283031431452587,0.7784376946545591,-0.3832139877110748,-0.9411453029683423
863,-0.26824859482595664,0.9819891627477262,-0.4705438240123077,-0.9411453029683423
864,-0.27577530133810374,0.540718964892006,-0.4705438240123077,-0.9393138263573818
865,-0.2699517869152488,-0.508916969221478,-0.4705438240123077,-0.930156443302585
866,-0.12173639546277719,-1.96413006084017,-0.40067995497132125,-0.9109281918781965
867,0.17304578184113337,-2.7433086628399614,-0.2609522168893486,-0.9072654025101455
868,0.2714863748662944,-3.3709864169702715,-0.16488939695799204,-0.9017712184580691
869,0.41667782143078175,-3.3926607796225996,-0.05572710158145067,-0.9017712184580691
870,0.44198845619313143,-3.0343291781362742,0.0359692265348442,-0.9017712184580691
871,0.4294113493680417,-2.1059886304419484,0.14076503009632338,-0.9155062689535896
872,0.338668636863898,-1.2471721508351477,0.14076503009632338,-0.9155062689535896
873,0.1877432762030866,-0.4347050499533635,0.14076503009632338,-0.9319883295482148
874,0.11938602170409686,-0.05793282570610746,0.14076503009632338,-0.9319883295482148
875,-0.070018217292335,0.20991567938253028,0.14076503009632338,-0.9530476479488915
876,-0.1927331372553552,0.7180843735829702,0.14076503009632338,-0.9596401444790074
877,-0.4418516823040053,1.1870463158607405,0.14076503009632338,-0.9695288892741754
878,-0.7389685326910952,1.4991812504479156,0.09710011194570728,-0.9754808810337914
879,-0.8875768847073319,1.7620097848399732,0.1189325710210157,-0.9814328727934075
880,-0.9425735365398589,1.9508787189393402,0.15532000281319558,-0.9814328727934075
881,-0.9629716090846294,1.9971142335836722,0.22809486639755708,-0.9814328727934075
882,-0.854338266868459,2.043349748228004,0.22809486639755708,-0.9741069663495713
883,-0.8139639152540045,1.8255612513172144,0.22809486639755708,-0.9741069663495713
884,-0.7029111210935783,1.532733646081599,0.22809486639755708,-0.9649516314681238
885,-0.5663613135382094,0.939749607546653,0.22809486639755708,-0.9625099357432911
886,-0.471344674390268,0.5204109712078674,0.22809486639755708,-0.957626544293626
887,-0.3558955001774211,0.21683593633321627,0.22809486639755708,-0.9541923720350752
888,-0.28354151106488,-0.10737930742569227,0.22809486639755708,-0.9530476479488915
889,-0.19246926954579233,-0.4367546034056613,0.22809486639755708,-0.9484695708734986
890,-0.1600502100895457,-0.3411409254901456,0.22809486639755708,-0.9484695708734986
891,-0.08975913171458716,-0.13928000410076324,0.2062624073222484,-0.9484695708734986
892,-0.06227528235108567,0.016636760733089742,0.14076503009632338,-0.9475540373853544
893,-0.05593392935455093,0.12183578487595936,0.14076503009632338,-0.9466385038972102
894,-0.044332563348020014,0.15095819798238158,0.14076503009632338,-0.9466385038972102
895,-0.028728731929987445,0.25137292137044953,0.14076503009632338,-0.9466385038972102
896,-0.026888999568774944,0.39931585161295263,0.14076503009632338,-0.9481033574782397
897,-0.02761141852054686,0.4778043717937667,0.14076503009632338,-0.9484695708734986
898,-0.052598972721176605,0.5043681920283724,0.14076503009632338,-0.9438906745287641
899,-0.051880707574898224,0.3926876225397913,0.10583309557583065,-0.9420600991140801
900,-0.007480170685309445,0.2995039380637958,0.05343519379509069,-0.9393142359920511
901,0.005136192730681437,0.23406558110665787,0.05343519379509069,-0.9379403213078309
902,0.06611779589477253,0.2027090877583685,0.05343519379509069,-0.9365664066236078
903,0.09364666432223584,0.19407383681600104,0.05343519379509069,-0.9466385038972102
904,0.1164893927822304,0.20320210009091141,-0.033894642506142256,-0.9521325240954167
905,-0.01177598768401856,0.6066682366770683,-0.07755956065675884,-0.957626544293626
906,-0.1952537908349638,1.2730262888040422,-0.19108834784836215,-0.9532313281350603
907,-0.25596552633871156,1.9704177951845199,-0.33954906956045816,-0.9466385038972102
908,-0.12580307140252767,2.6884982710673198,-0.43561188949181445,-0.9351015530425754
909,-0.08644001417737329,1.9400736874712472,-0.4705438240123077,-0.9274102524728218
910,0.188674120377705,0.8250228390054595,-0.486918168318789,-0.9116151492203081
911,0.3136455701560253,0.402670153472132,-0.5447741848683564,-0.8953614189909134
912,0.5914132872576129,-0.019682532061195412,-0.48800979127255445,-0.8926142450379415
913,0.8062314730987201,-1.213053113952888,-0.40067995497132125,-0.8926142450379415
914,0.8608698971248216,-2.406423695844609,-0.24348624962910187,-0.890417947789603
915,0.8567154375830669,-1.9026856539601518,-0.31335011867008833,-0.8825446055723607
916,0.8896375063535981,-1.4076615631914888,-0.3832139877110748,-0.8820868388282885
917,0.9148521270075974,-0.9257083990965029,-0.418145922231568,-0.8807135385960723
918,0.9012502481764063,0.10269130986502441,-0.5142087421629243,-0.8852912060367931
919,0.8625984164611874,1.2267862195964854,-0.6315582096927062,-0.8898688734775169
920,0.7064551549352894,1.2764711460967917,-0.7172506115632915,-0.893531990553305
921,0.5989077236809163,1.3261560725971118,-0.8635280873678568,-0.8944477698222514
922,0.49535857997658733,1.375840999097418,-0.922475726871189,-0.8898688734775169
923,0.47119831416965363,1.2192032067173513,-0.9326642077729997,-0.8874274508424639
924,0.4751749153981558,0.9250169350837064,-0.9770568745594598,-0.8825446055723607
925,0.513219346052078,1.29789098903936,-1.0163553008950146,-0.8825446055723607
926,0.5457754868253741,1.6707650429950276,-0.9999809565885334,-0.8825446055723607
927,0.5331671594705047,1.4389243789505526,-1.0927689076585938,-0.8880378065012285
928,0.5091140360086835,1.2614759164595715,-1.103685137196248,-0.8880378065012285
929,0.4073491589789759,1.1656157562988105,-1.1800987439598265,-0.8926142450379415
930,0.3573616056836583,1.1291524589319086,-1.2674285802610599,-0.8926142450379415
931,0.2595513644775022,1.132287070094233,-1.3089102525041456,-0.8926142450379415
932,0.2164330753804387,1.7255423730567025,-1.354758416562293,-0.8907839973309918
933,0.188693060381567,2.0282553898617244,-1.4246222856032793,-0.8898688734775169
934,0.19614341361200882,1.895154977430575,-1.5512505482400674,-0.8880378065012285
935,0.19985773550932304,1.631001294781221,-1.45300448240118,-0.8880378065012285
936,0.20693327715818544,1.2794787653197304,-1.4311720233258718,-0.8852907964021238
937,0.2082822747384442,0.9908317132958165,-1.45300448240118,-0.8871216585610776
938,0.2294239170759474,0.7441016462302915,-1.4802950562453157,-0.8926142450379415
939,0.20713280638346673,0.8478757598092127,-1.4355385151409332,-0.8926142450379415
940,0.1141315061235348,0.9645777139762951,-1.4311720233258718,-0.8926142450379415
941,0.07295923707554228,1.13299103049598,-1.3438421870246389,-0.8944477698222514
942,0.05535930611742316,1.1916831291416368,-1.3438421870246389,-0.8944477698222514
943,0.03528942127508136,1.177227749204589,-1.3438421870246389,-0.8929809499948018
944,0.008489046828742963,0.9520228158668421,-1.3438421870246389,-0.8926142450379415
945,0.008727767753753182,0.5863181802619393,-1.3438421870246389,-0.8944477698222514
946,0.014512065479224491,0.46627596851899394,-1.3438421870246389,-0.8944477698222514
947,-0.005335702787813561,0.40764936274152413,-1.2565123507234057,-0.8971947799213561
948,-0.020298917510855503,0.3490227569640544,-1.2215804162029125,-0.9019557179135763
949,-0.054979317461200786,0.5127328961739906,-1.1255175962715558,-0.9090971249019053
950,-0.24126166613564834,1.565790015333551,-1.0818526781209397,-0.9136760212466398
951,-0.3038805514768396,1.770796647241026,-1.0818526781209397,-0.9136760212466398
952,-0.36502580795128503,1.7637906573354896,-1.0643867108606928,-0.9090971249019053
953,-0.3560811848111974,1.6858418650750855,-0.9945228418197063,-0.908547722882085
954,-0.31078715692058034,1.6078930728146814,-0.9770568745594598,-0.9063501148028036
955,-0.27557927692098605,1.0100613471570126,-0.9071930055184732,-0.905663157460692
956,-0.22702182061769083,0.41586499105714686,-0.8635280873678568,-0.9036022854343574
957,-0.1810612306923144,0.356093046585746,-0.8198631692172402,-0.9022289852021411
958,-0.15460874903459584,0.4130572367852515,-0.8198631692172402,-0.9017712184580691
959,-0.12550091384926368,0.6451256289910824,-0.7543657919913151,-0.8983388895555329
960,-0.1092668304316282,0.8484407956273907,-0.7325333329160073,-0.8971947799213561
961,-0.05692513053767974,1.032587145217369,-0.7325333329160073,-0.8986596335023884
962,-0.04566879483147935,1.166333769795823,-0.7325333329160073,-0.8990258468976444
963,-0.04817292393402479,1.2664805776999368,-0.8198631692172402,-0.8971947799213561
964,-0.04613109426655174,0.9382666953429314,-0.8198631692172402,-0.8953633033103955
965,-0.02825738556972916,0.5622749089004377,-0.8198631692172402,-0.8898688734775169
966,-0.005323126656068211,0.42353219637709383,-0.784931234696747,-0.8891364466870021
967,0.07403668393418518,0.28012025279931635,-0.7325333329160073,-0.8880378065012285
968,0.10453016805564953,0.11803138500373558,-0.7325333329160073,-0.884375672548649
969,0.12713090466463692,-0.054447245259798195,-0.6801354311352671,-0.8807135385960723
970,0.16374238071792474,-0.24251051922524075,-0.6452034966147738,-0.8752191087631936
971,0.22627408417006975,-0.5731132030161048,-0.5753396275737874,-0.8733876321522331
972,0.30335969014779957,-0.9987421600239071,-0.4705438240123077,-0.8688095550768401
973,0.3434234099469706,-1.147860091031775,-0.4414338785785638,-0.8712507046221136
974,0.3740040305850275,-0.9518033672341746,-0.3308160859303348,-0.8761330037126549
975,0.2898475546091799,-0.5256302068995812,-0.23038677418391706,-0.8884939347066206
976,0.160737961908957,0.24298180841283426,-0.13869044606762193,-0.9058005489291131
977,-0.12859980718500028,1.0972035374697293,-0.12122447880737569,-0.9090971249019053
978,-0.3279430456348386,1.7107192791179193,-0.12122447880737569,-0.9228329946667673
979,-0.45934882153622697,2.324235020766123,-0.033894642506142256,-0.9228329946667673
980,-0.6084267476474914,2.324235020766123,-0.033894642506142256,-0.930156443302585
981,-0.7330014041736879,2.0844131544544924,-0.033894642506142256,-0.930156443302585
982,-0.7443113533429989,1.4848584886754288,-0.033894642506142256,-0.930156443302585
983,-0.7230964259290809,1.1160192419082018,0.05343519379509069,-0.9200843460289826
984,-0.6306524107131755,0.7691966198240792,0.05343519379509069,-0.9200843460289826
985,-0.5003833440898527,0.5104404964723187,0.1756969646168166,-0.9090971249019053
986,-0.30768569105222743,0.13691138915837694,0.22809486639755708,-0.9017724473620798
987,-0.23751645244483563,-0.31313304079700055,0.28049276817829627,-0.8944477698222514
988,-0.00511290990609817,-0.23870918124425716,0.31542470269878975,-0.8898688734775169
989,0.06603321336230715,0.0028763344246135482,0.37364459356627905,-0.8892585178187551
990,0.13364358816220728,0.2985287257021765,0.31542470269878975,-0.8880378065012285
991,0.15506579065003015,0.202303052274029,0.31542470269878975,-0.8898688734775169
992,0.16866199792428832,0.23541855430065228,0.22809486639755708,-0.8898688734775169
993,0.15003438256207746,0.35476150663047457,0.22809486639755708,-0.8898688734775169
994,0.1239970060514678,0.6078907350303745,0.18442994824694023,-0.8898688734775169
995,0.10640278774231686,0.8693486520801262,0.14076503009632338,-0.8898688734775169
996,0.09564018448103344,1.0303350476592081,0.14076503009632338,-0.8884040198964874
997,0.08531219797805137,1.1739666819338408,0.14076503009632338,-0.8880378065012285
998,0.07644830356532709,1.24817927099065,0.14076503009632338,-0.8880378065012285
999,0.0918040889058423,1.4051007188893594,0.05343519379509069,-0.8880378065012285
1000,0.09253619487685577,1.6860854550509057,-0.033894642506142256,-0.8761330037126549
1001,0.13896986926996838,1.4870575389677712,-0.033894642506142256,-0.8684423585583727
1002,0.24390352434592175,1.16802645982348,-0.1037585115471287,-0.8569063908269494
1003,0.32743161235961027,0.7287999212794155,-0.17362238058811516,-0.8477502366761605
1004,0.5379805469173644,0.25952451788539777,-0.09211453337363104,-0.8340160054499814
1005,0.6663922997810243,-0.3347966868299808,-0.07755956065675884,-0.8314977763142469
1006,0.9143585945439181,-0.9603793418757272,-0.17362238058811516,-0.8239430889070375
1007,1.0193858470029054,-0.989274026820766,-0.1648893969579918,-0.8239430889070375
1008,1.0249095068527756,-0.8964761406416738,-0.26095221688934833,-0.8239430889070375
1009,0.9570561982240362,-0.316907969966001,-0.2958841514098418,-0.8225697886748213
1010,0.9203937577741677,0.2054741764894524,-0.43561188949181445,-0.8221120219307492
1011,0.8924377984234216,0.6420772866145839,-0.4705438240123077,-0.8184502156859068
1012,0.8626514491568683,0.8432638647308413,-0.5404076930532942,-0.8175347641246976
1013,0.8599355798171502,0.6913256448337878,-0.6626694638750206,-0.8129558677799632
1014,0.8461035119659609,0.5244832865640594,-0.7499993001762537,-0.812040252364884
1015,0.8625188862515156,0.35391489370115164,-0.8198631692172402,-0.8083777907045702
1016,0.8464395489319663,-0.23891509343051073,-0.8198631692172402,-0.8025173932572348
1017,0.8590182455051671,-0.7131790831358518,-0.8198631692172402,-0.7937267970862333
1018,0.8787482283331635,-0.7131790831358518,-0.885360546443165,-0.792354111306021
1019,0.9982591904169663,-0.525039118363094,-0.7325333329160073,-0.7918965493792834
1020,1.0066459378150223,-0.21147251040852547,-0.7107008738406988,-0.786402529181077
1021,0.9789016863414712,0.056067891873559254,-0.7150673656557603,-0.7845709706431815
1022,0.9913184802962298,0.28003451984445205,-0.8198631692172402,-0.7818236328363426
1023,1.0290988740783777,0.3297060505705635,-0.8722610709979799,-0.7779786379669357
1024,1.011055347181556,0.4533731588114898,-0.9071930055184732,-0.7754153080539997
1025,1.0462907542789115,0.4851747267574971,-0.9890647270508794,-0.7719817502474557
1026,1.0261997625127217,0.4756798020059661,-1.0076223172648913,-0.7708372309786067
1027,1.043021728788614,0.4042401382081344,-1.1451668094393337,-0.7649765058235372
1028,1.027342848760992,0.5702060779509625,-1.1910149734974809,-0.7635113245347676
1029,1.0544180482792793,0.8944424200542306,-1.3138225557960899,-0.7607643144356658
1030,1.0418871776984753,0.8266731983866453,-1.3591249083773544,-0.7589327558977702
1031,1.012019093805782,0.7512844603552373,-1.4147976790193906,-0.7561854180909313
1032,1.011653901184761,0.6454176568685932,-1.457370974216242,-0.757834607273601
1033,0.9903131088672176,0.5818975747766094,-1.50540238418192,-0.758934066728716
1034,0.9327044018706022,0.5818975747766094,-1.6058316959283379,-0.7561862373602699
1035,0.8630395137758635,0.5880971390754354,-1.6331222697724732,-0.7543543511146401
1036,0.8545647421020393,0.6035960498224937,-1.618931171373523,-0.7543543511146401
1037,0.8302262652752181,0.5803724658841641,-1.6931615322295712,-0.7653423915110588
1038,0.732680816577704,0.5313338854889094,-1.6931615322295712,-0.7687000303587048
1039,0.5615530921795817,0.47465253749319397,-1.6473133681714238,-0.7754153080539997
1040,0.39417529649794214,0.48658932051279946,-1.5430633760868264,-0.7609928905816984
1041,0.2874183356018224,0.5442715242093176,-1.658229597709078,-0.7561854180909313
1042,0.47284299719349876,0.7135994683814851,-1.6058316959283379,-0.7635113245347676
1043,0.42922567243902365,0.8206799290104658,-1.4748369414764881,-0.7658007727071348
1044,0.39648211688605506,0.7925220116463153,-1.5708997614078446,-0.7680902208795021
1045,0.3398260334134047,0.7869734819735131,-1.4748369414764881,-0.761223105266411
1046,0.2674585977884491,0.7964978774282675,-1.4311720233258718,-0.758934066728716
1047,0.3454384777416933,0.7982309557151303,-1.518501859627105,-0.7635113245347676
1048,0.3639237811132152,0.8175901936916989,-1.5403343187024132,-0.7646560486209512
1049,0.29092246232248503,0.863388671202827,-1.5621667777777213,-0.7680902208795021
1050,0.22400184016127264,0.9229794378282005,-1.5839992368530298,-0.7680902208795021
1051,0.15513054056831355,0.9764942161717038,-1.6058316959283379,-0.7680902208795021
1052,0.1247171140043053,0.9919127522735924,-1.5883657286680914,-0.7653423915110588
1053,0.11288767304883902,0.9583742748069521,-1.553433794147598,-0.7649761781158
1054,0.12961298001435784,0.8514002769875256,-1.6713290731542627,-0.7635113245347676
1055,0.13664354643076257,0.5448161674538916,-1.5708997614078446,-0.7616804214123464
1056,0.1532245164814159,0.10515865011078174,-1.518501859627105,-0.758934066728716
1057,0.1518179618011909,-0.187646451525639,-1.5185018596271047,-0.7552715231414672
1058,0.20270272115994503,-0.3825499426909381,-1.466103957846365,-0.7516089795542183
1059,0.24316923022403725,-0.3400451511607441,-1.4311720233258718,-0.7536680082245354
1060,0.30383862209774415,-0.3014298226689435,-1.3613081542848853,-0.7543543511146401
1061,0.2886767209641833,-0.27837234633066177,-1.3438421870246389,-0.758934066728716
1062,0.2521373211966068,-0.22237432634519871,-1.3656746460999467,-0.7593916286554534
1063,0.16781613550266997,-0.14441594392825843,-1.3875071051752554,-0.7607643144356658
1064,0.12040331067938297,0.5759568838141609,-1.3438421870246386,-0.7717525596494162
1065,0.006963014488102536,1.0571019478306518,-1.2565123507234057,-0.7754153080539997
1066,-0.16734718473058566,1.1794053662582222,-1.3263762197643925,-0.7799925658600542
1067,-0.2688327780313168,1.0400393508164958,-1.3001772688740223,-0.7793058133352773
1068,-0.29766995051103406,0.7262270461285579,-1.3875071051752554,-0.7772455557609496
1069,-0.26286338089113626,0.7256740198253493,-1.3438421870246389,-0.7744992010773163
1070,-0.18751727352791045,0.6373748340401294,-1.2783448097987136,-0.7726682979548951
1071,-0.15696646687351376,0.41745640903185843,-1.2565123507234057,-0.7712034443738656
1072,-0.1389049206627073,0.3382257629604753,-1.2565123507234057,-0.7708372309786067
1073,-0.11318300672134941,0.35278696951369326,-1.2565123507234055,-0.7680902208795021
1074,-0.09165462962010622,0.5027751665607496,-1.1691825144221721,-0.7680902208795021
1075,-0.06251590960409263,0.6866201112312587,-1.2128474325727892,-0.7680902208795021
1076,-0.051197516877644844,0.6060220245297498,-1.3001772688740223,-0.7680902208795021
1077,-0.049335447999041035,0.4802936218344419,-1.1910149734974809,-0.7680902208795021
1078,-0.050363345824890285,0.43848698653598195,-1.227402405289661,-0.7699215609455757
1079,-0.08649671296745563,0.3966803512375081,-1.4311720233258718,-0.7708372309786067
1080,-0.10004706392753605,0.35487371593904815,-1.3438421870246389,-0.7680902208795021
1081,-0.09120880135659587,0.28648458512077357,-1.3438421870246386,-0.7662586623416094
1082,-0.06521382172445586,0.2264567813621965,-1.3438421870246386,-0.7635113245347676
1083,-0.023179628405610716,0.2264567813621965,-1.4093395642505637,-0.7614510669604397
1084,0.015447407262697038,0.053482507453338865,-1.2565123507234055,-0.7607643144356658
1085,0.049518451369390745,-0.23480794906140084,-1.1691825144221721,-0.7543543511146401
1086,0.09607090263250112,-0.452530998046829,-1.2041144489426656,-0.7527071281783876
1087,0.15353727823385407,-0.5554920667417252,-1.1691825144221721,-0.7571027949350901
1088,0.18091348547036235,-0.5127729428243704,-1.2390463834631589,-0.758934066728716
1089,0.13861693434595534,-0.08641960932682036,-1.1546275417053005,-0.7607643144356658
1090,0.05956995559289006,0.5956898638908409,-1.0818526781209397,-0.7607643144356658
1091,0.02006268615578185,0.8660952873795242,-1.1255175962715562,-0.7635113245347676
1092,-0.03221041341058245,0.9501937185841992,-1.212847432572789,-0.7658007727071348
1093,-0.07918146418473969,1.2285885253307105,-1.2565123507234055,-0.7680902208795021
1094,-0.1287124717003798,1.3303462707662386,-1.2565123507234055,-0.7653423915110588
1095,-0.10643422957796121,1.2897811873399079,-1.3001772688740223,-0.7621382291198859
1096,-0.09464136602412011,0.8565618497771792,-1.291444285243899,-0.758934066728716
1097,-0.06457070900222929,0.44782061040642374,-1.2565123507234057,-0.7516089795542183
1098,0.0023621730247396894,0.07579651832363478,-1.2565123507234057,-0.7516089795542183
1099,0.05412642932074096,0.006436012639057681,-1.3962400888053785,-0.7538052768025568
1100,0.12369757609617948,0.012741403554054303,-1.3613081542848853,-0.7543543511146401
1101,0.12493355773854994,0.7019665780679584,-1.3438421870246386,-0.758934066728716
1102,0.09844906821053694,1.561921698481579,-1.2565123507234057,-0.758934066728716
1103,0.03930266701078274,1.7230678386679794,-1.3438421870246389,-0.7635113245347676
1104,-0.006674394400051511,1.8361787419465367,-1.4311720233258718,-0.7635113245347676
1105,-0.07710779914791134,1.877236789863358,-1.518501859627105,-0.7635113245347676
1106,-0.10416186903900114,1.841938924851666,-1.657683786232195,-0.7614510669604397
1107,-0.11146067674436354,1.7557371178876644,-1.7739416308082117,-0.7607643144356658
1108,-0.09911001759508097,1.4063967600430183,-1.721543729027472,-0.7534400465305067
1109,-0.0719171577116338,1.0371663566692075,-1.6931615322295712,-0.7516089795542183
1110,0.005862491712262763,0.8515143220593818,-1.8001405816985816,-0.7424520061340908
1111,0.08299415775217618,0.6717885779547471,-1.856904975294383,-0.7401631724137304
1112,0.21683357433512307,0.5009522696078851,-1.7422845651490146,-0.7332966712526433
1113,0.28161760756853504,0.5912738512423781,-1.7804913685308041,-0.7259707648088071
1114,0.42987935682922995,0.6011452929329728,-2.0370227626656763,-0.7248260407226235
1115,0.5098161465062166,0.3924073159647045,-1.9769835002085787,-0.7213918684640725
1116,0.5649004048454881,0.17462853099021372,-2.0315646478968494,-0.7145241383989777
1117,0.5626490749704077,-0.0454104559858396,-2.131993959643267,-0.7122348950439451
1118,0.6568663655976159,-0.22519849044047668,-2.1625594023486987,-0.7140667812895749
1119,0.6571041515076099,-0.4244391983967483,-2.1625594023486987,-0.7140667812895749
1120,0.6060714137377364,-0.6528589166053959,-2.1516431728110446,-0.7305488418842001
1121,0.465819948907356,-0.8755171123315111,-2.1429101891809212,-0.731647973631578
1122,0.2761333589754199,-1.096734927436983,-2.188030604603225,-0.7332966712526433
1123,0.15777190662399168,-0.92364238797877,-2.1298107137357367,-0.7442830731103791
1124,-0.03059116107730266,-0.7589202937122765,-1.9158526147977155,-0.7484949367905163
1125,-0.08828191431465608,-0.5997784962402488,-1.7641170242243231,-0.7653423915110588
1126,-0.183073585984676,0.004926772432006221,-1.7368264503801878,-0.7712939736360027
1127,-0.433730928785897,0.9066743552377787,-1.6276641550036464,-0.7772455557609496
1128,-0.581305023384588,1.081686283106366,-1.5447008105174749,-0.786768742576333
1129,-0.6760550311553151,1.2595341989895692,-1.380957367452663,-0.7891495392801817
1130,-0.8028690186823317,1.4487260669312199,-1.4311720233258718,-0.7845722814741273
1131,-0.8505474238969627,1.2014082602727636,-1.439905006955995,-0.7761478986983845
1132,-0.7762760513180591,0.663084003880898,-1.2455961211857516,-0.7635113245347676
1133,-0.6222123806428899,-0.18567224930321194,-1.2346798916480972,-0.7690057543676462
1134,-0.42986819187459185,-0.7961176795052329,-1.1691825144221728,-0.7708372309786067
1135,-0.40590811961417245,-1.0490968752341134,-0.9399416941314357,-0.7635113245347676
1136,-0.3193045196327403,-1.0506621714491435,-0.972690382744398,-0.7658005678898001
1137,-0.24954554647241076,-0.884618201321611,-0.8635280873678568,-0.7726682979548951
1138,-0.3449331040169643,-0.4618609634075187,-0.9246589727787199,-0.7842052488095269
1139,-0.612202634830366,0.14999336734576962,-0.9290254645937815,-0.7918965493792834
1140,-0.6987023789734091,1.5182360694558414,-0.8198631692172402,-0.8056307806054654
1141,-0.7709494431861869,2.211925519678949,-0.9945228418197063,-0.8193650118316446
1142,-1.0022945579152376,2.455912801977442,-0.9071930055184732,-0.8208910375234432
1143,-1.1145060735579435,2.420503042851871,-0.9595909072992129,-0.8239430889070375
1144,-1.1494667558593292,2.3850932837262997,-0.8635280873678568,-0.8191368453202812
1145,-1.1085035476766019,2.349683524600729,-0.8198631692172402,-0.8175347641246976
1146,-0.9981656770239132,1.9468921365380127,-0.9945228418197063,-0.796473807185338
1147,-0.8774694939463114,1.2991796625172132,-0.9071930055184732,-0.796473807185338
1148,-0.5987633922816594,0.6981820039415464,-0.8198631692172402,-0.7818236328363426
1149,-0.4823025275979519,0.10886304922715268,-0.9945228418197063,-0.7818236328363426
1150,-0.39159347289492014,-0.19962368021492696,-0.9071930055184732,-0.7754153080539997
1151,-0.20339073632708432,-0.43790235333894534,-0.9071930055184732,-0.7754153080539997
1152,-0.11582431143860428,-0.32453016548464353,-0.9071930055184732,-0.7708372309786067
1153,-0.01389889581773234,-0.12324526238576859,-1.0163553008950146,-0.7701504784538298
1154,0.062041031974537544,0.29381303044808177,-1.0818526781209397,-0.7680902208795021
1155,0.1038573872835575,0.7665774110740171,-1.3438421870246386,-0.7680902208795021
1156,0.13372655982982187,1.2764791835613056,-1.2565123507234057,-0.7680902208795021
1157,0.1387239462809331,1.292122098881008,-1.4311720233258718,-0.7680902208795021
1158,0.13082696885708922,1.3018454215826032,-1.5403343187024132,-0.7699215609455757
1159,0.12022510051558133,1.3026893553570789,-1.6735123190617938,-0.7708372309786067
1160,0.07173852283639343,1.0544854182354233,-1.6931615322295712,-0.7726682979548951
1161,0.04994157810980044,0.6402495671830135,-1.6931615322295712,-0.7738126124064094
1162,0.011821781923967671,0.5661441443197779,-1.6931615322295712,-0.7772455557609496
1163,-0.017615248489129688,0.5178952448134829,-1.6931615322295712,-0.7851815447737739
1164,-0.08035814785451444,0.573072438734978,-1.6931615322295712,-0.7891495392801817
1165,-0.21231586963047774,0.573506461818994,-1.6931615322295712,-0.7891495392801817
1166,-0.3097371338588872,0.49375605970873054,-1.6931615322295712,-0.7914381681832074
1167,-0.31997302797462235,0.3842590014144246,-1.6407636304488311,-0.7937267970862333
1168,-0.33960503198133846,0.3891752505450783,-1.6058316959283379,-0.8060871136281922
1169,-0.37502623956917785,0.4703670379590478,-1.6058316959283379,-0.8102072191421784
1170,-0.5015493725349889,0.6877456241793779,-1.4311720233258718,-0.8129558677799632
1171,-0.6262674154373762,0.9391709101012984,-1.4311720233258718,-0.8129558677799632
1172,-0.6800046297802278,1.1141364658446877,-1.4311720233258718,-0.7918965493792834
1173,-0.6764498605505948,1.193963893656579,-1.3875071051752554,-0.7918965493792834
1174,-0.3940448148266947,1.131084129571258,-1.3438421870246389,-0.7918965493792834
1175,-0.27120949425902996,0.9747125782033742,-1.3438421870246389,-0.7967040218700535
1176,-0.22998547521464666,0.7560131686471342,-1.4137060560656252,-0.7983065127003092
1177,-0.23018455471043342,0.6116160998348315,-1.4311720233258718,-0.8063635351037174
1178,-0.314980198458991,0.4672190310225287,-1.4311720233258718,-0.8083777907045702
1179,-0.43850330067446147,0.5245100781124493,-1.4311720233258718,-0.8098413334546568
1180,-0.474052120148145,0.5818011252023836,-1.4311720233258718,-0.8102072191421784
1181,-0.5004521638317829,0.5818011252023836,-1.3438421870246389,-0.814787754025593
1182,-0.5094470271213302,0.5694234298434405,-1.3438421870246389,-0.814787754025593
1183,-0.5436002115524009,0.5075349530487671,-1.2565123507234057,-0.814787754025593
1184,-0.5410452412152384,0.3734893347902104,-1.239046383463159,-0.814421376776467
1185,-0.5295297234329269,0.1312080043358359,-1.151716547161926,-0.8129558677799632
1186,-0.5052952762295599,-0.08097891563631929,-1.0600202190456312,-0.8129558677799632
1187,-0.4635790821854648,-0.24802421988513867,-0.9945228418197063,-0.8129558677799632
1188,-0.43790548575716665,-0.2975859052628294,-0.9595909072992131,-0.8147874263178558
1189,-0.45227904646963046,-0.26882517805975387,-0.8722610709979799,-0.8175347641246976
1190,-0.4703757356161872,-0.1570428006872801,-0.8198631692172402,-0.8182668632074752
1191,-0.4658231205071986,-0.024505010772470633,-0.8198631692172402,-0.8193650118316446
1192,-0.4693097654205227,0.11100664101430963,-0.7325333329160073,-0.8239430889070375
1193,-0.47776701134136096,0.1648576532902003,-0.7325333329160073,-0.8261406969863219
1194,-0.5072630196971496,0.19829350568836518,-0.7325333329160073,-0.8294371091052469
1195,-0.5383261498604602,0.1947972086226944,-0.7325333329160073,-0.83081102378947
1196,-0.5719310920634884,0.16266021049076915,-0.7325333329160073,-0.8312689953508767
1197,-0.5827610854063128,0.08756216075945525,-0.6452034966147738,-0.8312689953508767
1198,-0.576833953136439,0.06557889155411872,-0.6233710375394657,-0.8312689953508767
1199,-0.5568825681352916,0.12326779313773441,-0.5578736603135411,-0.8312689953508767
1200,-0.5367621270772531,0.1598824627530722,-0.5229417257930477,-0.8330995707655607
1201,-0.5308581912612126,0.19122857437635432,-0.4705438240123077,-0.8372193485718128
1202,-0.5914394330147953,0.3213149376129482,-0.4705438240123077,-0.8385932632560329
1203,-0.5948370808554927,0.4554384044564093,-0.4705438240123077,-0.8431713403314289
1204,-0.6277225314862105,0.5956175267101853,-0.4705438240123077,-0.8431713403314289
1205,-0.6220274185440664,0.6704865087026991,-0.4705438240123077,-0.8431713403314289
1206,-0.604093241547805,0.6906572426668541,-0.4705438240123077,-0.8446361939124584
1207,-0.5866785980004559,0.6287806045884573,-0.4705438240123077,-0.8450024073077173
1208,-0.5830177017414084,0.5916326274542305,-0.4705438240123077,-0.8435375537266848
1209,-0.5622098936656124,0.5915776417362928,-0.4705438240123077,-0.8431713403314289
1210,-0.5260999459011725,0.4661393316221695,-0.4705438240123077,-0.8431713403314289
1211,-0.48694390292964307,0.3093551904089928,-0.4705438240123077,-0.8413401095012705
1212,-0.4576366568298475,0.3673454969120502,-0.4705438240123077,-0.8385932632560329
1213,-0.4235583095556006,0.4144370015276358,-0.4705438240123077,-0.8365323912297012
1214,-0.3567295212442474,0.44518030331200686,-0.4705438240123077,-0.8358454338875897
1215,-0.3182002045757044,0.07968464178459775,-0.4705438240123077,-0.8358454338875897
1216,-0.2702328898228659,0.0482782491774245,-0.4705438240123077,-0.8358454338875897
1217,-0.2478538524482004,0.1361124651852058,-0.4705438240123077,-0.8358454338875897
1218,-0.23531362486856222,0.2537568333467154,-0.4705438240123077,-0.8358454338875897
1219,-0.22520411729700837,0.295006708750052,-0.4705438240123077,-0.8340160054499814
1220,-0.19060973339189588,0.3171579609638281,-0.5578736603135411,-0.8312689953508767
1221,-0.16934353681547148,0.339309213177618,-0.5578736603135411,-0.8318183973706971
1222,-0.13310583870786089,0.4830019321825837,-0.6015385784641575,-0.8340160054499814
1223,-0.12574776671681076,0.6570800178853571,-0.6976013983955136,-0.8340160054499814
1224,-0.14874947923345033,0.8098923120488314,-0.6743134420485183,-0.8340160054499814
1225,-0.15526523093631095,0.962704606212306,-0.7034233874822629,-0.8324897066684033
1226,-0.15514577673260066,0.8077523371207107,-0.7499993001762537,-0.8294371091052469
1227,-0.1190630418259969,0.6528000680291017,-0.8198631692172402,-0.8239432937243751
1228,-0.07954569585139909,0.49784779893749276,-0.8198631692172402,-0.8221120219307492
1229,0.00461242235051277,0.46815405606154936,-0.8198631692172402,-0.8266900990061422
1230,0.05691996449025342,0.4697749447394981,-0.9071930055184732,-0.8266900990061422
1231,0.0151654686743503,0.6405148035121344,-0.9246589727787199,-0.8266900990061422
1232,-0.010166842764328124,0.8112546622847706,-0.9945228418197063,-0.8266900990061422
1233,-0.022478133603739077,0.8869193532646471,-1.011988809079953,-0.8266900990061422
1234,-0.02907425824542545,0.9625840442445237,-1.0818526781209397,-0.8257744835910631
1235,-0.033392377432554854,1.124197362056073,-1.0993186453811863,-0.8221120219307492
1236,-0.03617589573363539,1.2858106798676223,-1.1691825144221721,-0.8216541869142322
1237,0.007554804856469177,1.0837622176394692,-1.1691825144221721,-0.8193650118316446
1238,0.03236139632620191,0.8980140683497719,-1.2739783179836521,-0.8180831830213094
1239,0.07307130019186586,0.7774671708139121,-1.3474809302038566,-0.8129558677799632
1240,0.10714444761149973,0.460832260779286,-1.3465712444090525,-0.8074620523990884
1241,0.2143916715862532,0.013472009078806304,-1.3438421870246389,-0.8056307806054654
1242,0.2843303153897999,0.023630610552461,-1.3438421870246389,-0.8056307806054654
1243,0.2968837823095089,0.09583212751612986,-1.365674646099947,-0.8067748902396422
1244,0.2835137567257388,0.4162053064398554,-1.4366301380946989,-0.8102072191421784
1245,0.21034096429671723,0.7154320102917612,-1.442088252863526,-0.8136426203047401
1246,0.17456452633812367,1.0005610640958007,-1.5119521219045124,-0.814787754025593
1247,0.08744910579716605,1.036355912330233,-1.5294180891647589,-0.814787754025593
1248,0.053180837557145456,0.990691057666728,-1.6276641550036464,-0.814787754025593
1249,0.03942527023412075,0.8685215969811346,-1.6145646795584614,-0.8102072191421784
1250,0.05417252020195262,0.6738381314070312,-1.6058316959283379,-0.8098413334546568
1251,0.08919063889545141,0.37038365850014854,-1.6058316959283379,-0.8083777907045702
1252,0.10560708157391972,0.11276684574393012,-1.6058316959283379,-0.8078283886847498
1253,0.1196405902861082,-0.07609347678631947,-1.6058316959283379,-0.8056307806054654
1254,0.13052524488186595,-0.21381141258348685,-1.6058316959283379,-0.80379938592144
1255,0.1501442917708926,-0.2748157682811,-1.5839992368530298,-0.7957870546605611
1256,0.19504670058147497,-0.34924268972508354,-1.518501859627105,-0.7937267970862333
1257,0.2907016696811883,-0.43261798833331416,-1.518501859627105,-0.7983052837962985
1258,0.3266421145128552,-0.43624342066225635,-1.518501859627105,-0.8028837705063607
1259,0.2670042268903396,-0.4199313864213764,-1.518501859627105,-0.8100261606179012
1260,0.17632780268754308,-0.14553721985350576,-1.5839992368530298,-0.814787754025593
1261,0.01592161448468322,0.19337747979611955,-1.6058316959283379,-0.8221120219307492
1262,-0.09432862320826149,0.37297829237649777,-1.6058316959283379,-0.8239430889070375
1263,-0.2398767646750486,0.7082561619693934,-1.6058316959283379,-0.8312689953508767
1264,-0.27722027878335026,1.1473187362372823,-1.6058316959283379,-0.8312689953508767
1265,-0.3859636295140855,1.4285017968358205,-1.6549547288477817,-0.8276060421289586
1266,-0.36125680368429597,1.6044318483214541,-1.6385803845413005,-0.8170765877459534
1267,-0.22265540493436378,0.9367998580682524,-1.6080149418358687,-0.814787754025593
1268,-0.11760817083122638,0.2235874065289933,-1.6058316959283379,-0.8056307806054654
1269,-0.08655521689639817,-0.6719468901544546,-1.518501859627105,-0.8056307806054654
1270,0.03929783869665583,-0.9544557305253697,-1.518501859627105,-0.8083777907045702
1271,0.07839633997773218,-0.828280933354587,-1.518501859627105,-0.8106668292422652
1272,0.04927306634358213,-0.4284840524158282,-1.518501859627105,-0.8129558677799632
1273,0.011864319713872768,0.016542320524989055,-1.518501859627105,-0.8143297824641862
1274,-0.03903216611319185,0.3688645777061063,-1.5883657286680914,-0.814787754025593
1275,-0.07222135674003342,0.5544683875288191,-1.6844285485994477,-0.8206471683497197
1276,-0.09759542548248464,0.48999452631393897,-1.6931615322295712,-0.8221120219307492
1277,-0.17616185067119283,0.420497249774804,-1.7804913685308041,-0.8312689953508767
1278,-0.221596612147505,0.3476510296861843,-1.791407598068458,-0.8321842830582187
1279,-0.3226582460804644,0.2426013684256119,-1.791407598068458,-0.8358454338875897
1280,-0.3803533630636609,0.12950084687204785,-1.7870411062533964,-0.8310844958953695
1281,-0.44945797495664874,-0.6055805409397615,-1.7804913685308041,-0.8239430889070375
1282,-0.4586554995977122,-1.191523978776085,-1.7106274994898176,-0.8202806272467237
1283,-0.29192424514083587,-1.5537604916491787,-1.518501859627105,-0.8193650118316446
1284,-0.2273803465696613,-1.7711470327501206,-1.518501859627105,-0.8266900990061422
1285,-0.15646749998818757,-1.7712586161928214,-1.4311720233258718,-0.8266900990061422
1286,-0.14972514420296099,-1.4697032389310796,-1.3438421870246389,-0.8523266752128734
1287,-0.219236099878981,-0.9670365545330614,-1.3438421870246389,-0.8523266752128734
1288,-0.2411081873844108,-0.48772217528543166,-1.2565123507234057,-0.8733876321522331
1289,-0.6407349510659449,-0.04343625376341255,-1.2565123507234057,-0.8733876321522331
1290,-0.956439317837626,0.3321365798410449,-1.2565123507234057,-0.8779648899582847
1291,-1.0562448718426125,0.6905311414661086,-1.2565123507234057,-0.8779648899582847
1292,-1.1101278952795584,0.6887347681461534,-1.1691825144221721,-0.8733876321522331
1293,-1.0912890565837334,0.5968906610899574,-1.0534704813230387,-0.8763176670220322
1294,-1.0092638284272006,-0.17484645370436477,-0.909922062902887,-0.8880378065012285
1295,-1.0340130689420102,-0.9328260750781214,-0.7379914476848342,-0.8949045124796473
1296,-1.1174224480587773,-0.9558827150314346,-0.582435176773263,-0.9017712184580691
1297,-1.2752034626080115,-0.6080942579680072,-0.36138152863576634,-0.9090971249019053
1298,-1.3060429836134504,-0.013075736226743222,-0.25221923325922496,-0.9113865730742725
1299,-1.3474540812818288,0.20076100729563678,-0.15615641332786892,-0.9136760212466398
1300,-1.3446694795207552,0.3793076553553723,-0.12122447880737569,-0.9191702052987163
1301,-1.3407041837384202,0.41669392156451635,-0.12122447880737569,-0.9228329946667673
1302,-1.3478566531013956,0.3233614770160446,-0.12122447880737569,-0.927410662107491
1303,-1.3799078001575455,-0.2928458105628766,-0.06300458793988689,-0.9319883295482148
1304,-1.4250389426452148,-0.862431785200563,-0.033894642506142256,-0.9365664066236078
1305,-1.4274392140259866,-1.4009368845441017,0.07090116105533742,-0.9365664066236078
1306,-1.4396262555636201,-1.4741046032134832,0.16259748917163205,-0.9365664066236078
1307,-1.403776947729383,-1.5405265448911087,0.31542470269878975,-0.9379403213078309
1308,-1.3375566793812002,-1.5799653786017385,0.468251916225948,-0.9393142359920511
1309,-1.2849212495108875,-1.5859934769908222,0.6647440479037225,-0.9438906745287641
1310,-1.2427800833515712,-1.5697477518322223,0.7520738842049552,-0.9457220692127896
1311,-1.2394848959322362,-1.4077928417786325,0.769539851465202,-0.9530476479488915
1312,-1.3084134632687476,-1.2542220119011926,0.8612361795814966,-0.9553364816692549
1313,-1.3185946313545205,-1.1341875027284072,0.9703984749580384,-0.962202982830339
1314,-1.3911874781943054,-0.8516806717236174,1.0140633931086553,-0.9638521720130087
1315,-1.3792843141327447,-0.46085895949750944,1.0140633931086553,-0.9649516314681238
1316,-1.3585880823467993,-0.3783543862121305,1.0140633931086553,-0.9612878589768642
1317,-1.3085658119890187,-0.372929097661958,1.0839272621496416,-0.9603719158540478
1318,-1.1957014238091628,-0.6296296394630314,1.101393229409888,-0.9603719158540478
1319,-1.111344650985989,-0.911387780647902,1.1887230657111207,-0.957626544293626
1320,-1.0369247974746232,-1.0312504890165908,1.1887230657111207,-0.957626544293626
1321,-0.9675196755336167,-1.1647379053643268,1.2760529020123539,-0.957626544293626
1322,-0.9086121842822362,-1.3527241536281414,1.2760529020123539,-0.9583128871837308
1323,-0.8641989410505156,-1.3570426833140978,1.2760529020123539,-0.9603719158540478
1324,-0.8254728414743747,-1.2389160672814454,1.3109848365328474,-0.9603719158540478
1325,-0.8166973771212658,-1.105041647017151,1.363382738313587,-0.9603719158540478
1326,-0.7984730389918916,-0.9606686905984045,1.363382738313587,-0.9603719158540478
1327,-0.7704768505387461,-0.910388321934979,1.363382738313587,-0.9603719158540478
1328,-0.733567840756373,-0.9228363451084526,1.363382738313587,-0.9580832869510221
1329,-0.6978072437773248,-1.1840271504207056,1.363382738313587,-0.9557946580479962
1330,-0.6535474544704041,-1.392634183696198,1.363382738313587,-0.9594564642928386
1331,-0.5723046691718456,-1.390906128824648,1.363382738313587,-0.9603719158540478
1332,-0.5566942330652487,-1.2041978374193112,1.4507125746148208,-0.9695288892741754
1333,-0.5716033017552828,-0.74001919121328,1.428880115539512,-0.9713603658851359
1334,-0.6291693135566666,-0.5660934824420053,1.363382738313587,-0.9768547957180145
1335,-0.6873306376562602,-0.4172959018056652,1.363382738313587,-0.9777703292061586
1336,-0.7671905424233372,-0.07875789627429287,1.363382738313587,-0.9786858626943028
1337,-0.7957137867360755,0.22830439351845222,1.2760529020123539,-0.9741069663495713
1338,-0.7464791636566612,0.5143828728187837,1.1887230657111207,-0.9736491996054991
1339,-0.6760934659055134,0.09046020254945386,1.1887230657111207,-0.97227589937328
1340,-0.622165573390534,-0.3316176782445976,1.1887230657111207,-0.9709023943237262
1341,-0.5628122172923173,-0.7463164011375909,1.1887230657111207,-0.9695288892741754
1342,-0.4869663297639016,-0.8446036842148283,1.1887230657111207,-0.962202982830339
1343,-0.40810139842878085,-0.8120345384072788,1.1887230657111207,-0.95793076630878
1344,-0.32019536670374105,-0.5724511168763652,1.1887230657111207,-0.9557946580479962
1345,-0.19538225480981156,-0.38513341342912477,1.101393229409888,-0.9557946580479962
1346,-0.14852204737486488,-0.27621428710735996,1.101393229409888,-0.9533529623231637
1347,-0.13353553760564035,-0.27621428710735996,1.0489953276291482,-0.9484695708734986
1348,-0.09149279457523446,-0.2998052501530711,1.0140633931086553,-0.9473709306877249
1349,-0.017520417060915665,-0.41776006538162685,0.9485660158827298,-0.9466385038972102
1350,0.01833775620868528,-0.4625403970748299,0.9267335568074216,-0.9385808260783277
1351,0.03720645100750642,-0.4585377397444738,0.8394037205061889,-0.9365664066236078
1352,0.13939774214043643,-0.4394712664130116,0.8394037205061889,-0.9347337011086365
1353,0.1946623393821465,-0.4103622490807981,0.7520738842049552,-0.9340473582185318
1354,0.23002288485311626,-0.3905338241129412,0.7171419496844622,-0.9319883295482148
1355,0.23037206442169478,-0.37302554723618375,0.6647440479037225,-0.9310723864253985
1356,0.25478946963108984,-0.4003026924468157,0.599246670677798,-0.930156443302585
1357,0.2576412297602829,-0.4231552134398676,0.5774142116024898,-0.9283256494160762
1358,0.27492753603322606,-0.4393707981065218,0.49008437530125665,-0.9274102524728218
1359,0.29266055610303776,-0.48989831880388707,0.49008437530125665,-0.925578366227192
1360,0.3028350090654021,-0.5406066824529256,0.40275453900002295,-0.9233807581479077
1361,0.29478862357005153,-0.5577264818779466,0.40275453900002295,-0.9200843460289826
1362,0.35033376503891767,-0.6451700771101189,0.35035663721928323,-0.9189852142816047
1363,0.35909981589164397,-0.8380993660529911,0.31542470269878975,-0.9182524597833528
1364,0.35610723706773206,-0.8569612859124651,0.31542470269878975,-0.9164216658968469
1365,0.3421261729214715,-0.7820681915263947,0.31542470269878975,-0.9155062689535896
1366,0.35034254161275574,-0.6736829824905188,0.31542470269878975,-0.9182524597833528
1367,0.3118261118630105,-0.44009244759939165,0.22809486639755708,-0.9158110371482997
1368,0.27085587922516646,-0.272150009215696,0.18442994824694023,-0.9109281918781965
1369,0.3349316895208204,-0.24963171278889248,0.14076503009632338,-0.9100126583900524
1370,0.34748563156718565,-0.30750011774675096,0.14076503009632338,-0.9090971249019053
1371,0.35999022892802357,-0.41895965696105997,0.14076503009632338,-0.9090971249019053
1372,0.3448234155840957,-0.8107343828372509,0.14076503009632338,-0.9090971249019053
1373,0.32229620261361563,-0.9740149004318416,0.14076503009632338,-0.9063501148028036
1374,0.3258650315972159,-0.9381477150167538,0.14076503009632338,-0.9036022854343574
1375,0.33617472929094777,-0.83205318336874,0.14076503009632338,-0.9068991891148868
1376,0.33663170981865037,-0.7149013969613003,0.14076503009632338,-0.9090971249019053
1377,0.29625247595677107,-0.5942292010946334,0.05343519379509069,-0.9136760212466398
1378,0.20302250708214115,-0.48896138008284645,0.05343519379509069,-0.9136760212466398
1379,0.13524225096031126,-0.3543143298364374,0.05343519379509069,-0.9136760212466398
1380,0.0734311380070581,-0.19874418065995147,0.05343519379509069,-0.9109281918781965
1381,0.06222879432434218,0.011139135002234037,0.03160273471978252,-0.908638948523164
1382,0.08192806684866195,0.02930581418082137,-0.033894642506142256,-0.9017712184580691
1383,0.13966957245910802,-0.08033859762965677,0.009770275644474342,-0.8994829991897125
1384,0.23905702870391674,-0.4182041352962959,0.05343519379509069,-0.8971947799213561
1385,0.2932879938118842,-0.8131249544269858,0.1189325710210157,-0.8971947799213561
1386,0.3000343231969086,-1.296518164248261,0.14076503009632338,-0.8971947799213561
1387,0.28886403558202,-1.7799113740695223,0.14076503009632338,-0.8971947799213561
1388,0.2727988510442409,-1.5093569225928818,0.14076503009632338,-0.8971947799213561
1389,0.2485835065007084,-1.2080721823696725,0.14076503009632338,-0.9017712184580691
1390,0.1754057487841078,-0.7838662871601595,0.14076503009632338,-0.9023815741168308
1391,0.1320939356061213,-0.6108380474181017,0.14076503009632338,-0.9036022854343574
1392,0.10521055713219063,-0.5006042215429212,0.14076503009632338,-0.9025036452485838
1393,0.07348172401448012,-0.4911801366630514,0.0752676528703996,-0.9017712184580691
1394,0.07104813212971503,-0.503500135553993,0.05343519379509069,-0.9032360720390986
1395,0.07507936521893219,-0.6027964695281111,0.12329906283607665,-0.9036022854343574
1396,0.057688772497316965,-0.6918878396255798,0.14076503009632338,-0.9063501148028036
1397,0.03182160005232975,-0.7656717639080535,0.14076503009632338,-0.9058005489291131
1398,-0.012400997538455655,-0.6742911506391106,0.16259748917163205,-0.9036022854343574
1399,-0.026297469792399518,-0.5416194029822963,0.22809486639755708,-0.9047014171817352
1400,-0.004546568776786203,-0.5271653626226793,0.22809486639755708,-0.9063501148028036
1401,-0.011535398954794536,-0.49570404734129575,0.22809486639755708,-0.9079983208622646
1402,-0.03830488785704816,-0.396213632372887,0.22809486639755708,-0.9090971249019053
1403,-0.0654990355819982,-0.3365193833918361,0.22809486639755708,-0.9090971249019053
1404,-0.09759478903534709,-0.3365193833918361,0.22809486639755708,-0.9090971249019053
1405,-0.10812715475378762,-0.3444202110138083,0.14076503009632338,-0.9063501148028036
1406,-0.09026242922100976,-0.3575882570504194,0.14076503009632338,-0.9058005489291131
1407,-0.05002151125213237,-0.5342458330327575,0.14076503009632338,-0.9036022854343574
1408,-0.02120557303020716,-0.7517757915015237,0.1756969646168166,-0.9036022854343574
1409,-0.015057164431539795,-0.7474669067730064,0.22809486639755708,-0.9036022854343574
1410,-0.017605268175487326,-0.6804223964895176,0.16987497553006803,-0.9054341716799872
1411,-0.03287111469383045,-0.5842742271835099,0.14076503009632338,-0.9063501148028036
1412,-0.06677864785694992,-0.39132082584706745,0.14076503009632338,-0.9063501148028036
1413,-0.07713299605618601,-0.13383060315702044,0.14076503009632338,-0.9052509830554227
1414,-0.08068909842272977,-0.14651640132250263,0.14076503009632338,-0.9036022854343574
1415,-0.04874609961047255,-0.18250870326861185,0.08836712831558391,-0.9052509830554227
1416,-0.0387112311549649,-0.3117270203371875,0.05343519379509069,-0.9063501148028036
1417,-0.07087613466171969,-0.42594689278272074,0.05343519379509069,-0.9063501148028036
1418,-0.08322694679322475,-0.48017298673615305,0.05343519379509069,-0.9042892427764689
1419,-0.08799844981353627,-0.5188331910715246,0.05343519379509069,-0.9036022854343574
1420,-0.0511172137952788,-0.534144560979826,-0.033894642506142256,-0.8990258468976444
1421,-0.015104919368957697,-0.5883251093009787,0.05343519379509069,-0.8990258468976444
1422,0.025597755551641527,-0.6611083692508739,0.08836712831558391,-0.9017712184580691
1423,0.0008014521577726412,-0.7694332973028452,0.08254513922883484,-0.9017712184580691
1424,-0.016937498862443914,-0.7812035899860098,0.05343519379509069,-0.9017712184580691
1425,-0.026085741026753248,-0.7277158424011454,0.05343519379509069,-0.9036022854343574
1426,-0.054728978362514356,-0.6706749613943659,0.05343519379509069,-0.905663157460692
1427,-0.06810654290792592,-0.43554898372783907,0.05343519379509069,-0.9063501148028036
1428,-0.10924835990426765,-0.21189447729576327,0.05343519379509069,-0.9063501148028036
1429,-0.12282775711181845,-0.18353227437507744,-0.033894642506142256,-0.9090971249019053
1430,-0.12657318996015185,-0.16146340617260999,-0.033894642506142256,-0.9090971249019053
1431,-0.12690314872929492,-0.1409678716497006,-0.033894642506142256,-0.9109281918781965
1432,-0.1604415261158212,-0.11978915264269652,-0.033894642506142256,-0.9109281918781965
1433,-0.19579953329753547,-0.1305091209446339,-0.05572710158145067,-0.9090971249019053
1434,-0.19332020238211298,-0.2688238384823371,-0.12668259357620237,-0.9063497051681314
1435,-0.17399059140885226,-0.5669236377058793,-0.12395353619178903,-0.9036022854343574
1436,-0.09397738236047039,-0.893419224969686,-0.033894642506142256,-0.9063501148028036
1437,-0.06728276973808409,-0.9074044132323827,-0.033894642506142256,-0.9070368673275775
1438,-0.10205212457894006,-0.8955089657445826,-0.033894642506142256,-0.9090971249019053
1439,-0.1403628458657919,-0.8447925646310158,-0.033894642506142256,-0.9100126583900524
1440,-0.1535156608352116,-0.7334897559748238,-0.033894642506142256,-0.9109281918781965
1441,-0.16264121485986896,-0.5817960089568904,-0.033894642506142256,-0.9129890639045283
1442,-0.18235927423461146,-0.3423449376750567,-0.09211453337363104,-0.9136760212466398
1443,-0.19949591680934584,-0.08095453532728226,-0.12122447880737569,-0.9164218843686688
1444,-0.2238366400007528,-0.008928404535048451,-0.12122447880737569,-0.9182524597833528
1445,-0.2702858180762908,0.01154603164349214,-0.12122447880737569,-0.9200843460289826
1446,-0.29905856380945933,0.0151779609229248,-0.2140124298774353,-0.9196263744675759
1447,-0.3217252813856162,-0.08114846786402793,-0.21583180146704486,-0.9182524597833528
1448,-0.3056329487099547,-0.24334909469003557,-0.12122447880737569,-0.9200843460289826
1449,-0.28198567929401025,-0.4024908921620631,-0.12122447880737569,-0.9196263744675759
1450,-0.2874950545251659,-0.40581840247283874,-0.12122447880737569,-0.9182524597833528
1451,-0.28869041840297127,-0.3052697213427936,-0.12122447880737569,-0.9219154130052709
1452,-0.2560068580773871,-0.19501580180630684,-0.17362238058811516,-0.925578366227192
1453,-0.27726449038882156,-0.11293420009122822,-0.2085543151086084,-0.929011924033736
1454,-0.36617242126590455,-0.1532471080682789,-0.2085543151086084,-0.9296072051366318
1455,-0.4174995697701911,-0.3478733067076928,-0.23038677418391706,-0.9274102524728218
1456,-0.38694179972800674,-0.6453750324553488,-0.30316163776827754,-0.9274102524728218
1457,-0.35787782446881194,-0.6796217231858489,-0.2958841514098418,-0.9274102524728218
1458,-0.34283486251878753,-0.7138684139163356,-0.30461713503996496,-0.9228329946667673
1459,-0.3077173627383094,-0.748115104646836,-0.2958841514098418,-0.9228329946667673
1460,-0.25211477460432147,-0.8847146508958368,-0.2740516923345334,-0.9228329946667673
1461,-0.22902443684089968,-1.0895494341571763,-0.2085543151086084,-0.9264951286193469
1462,-0.2166766422345082,-0.9454296578707725,-0.2085543151086084,-0.9319883295482148
1463,-0.3005527712249683,-0.7140712416974403,-0.2085543151086084,-0.9391297365365437
1464,-0.35427116627180943,0.3509279709493677,-0.2740516923345334,-0.9438906745287641
1465,-0.5172490605419054,0.9319191077392113,-0.2958841514098418,-0.9438906745287641
1466,-0.5498217031916455,0.7868981307436422,-0.40067995497132125,-0.942975386821422
1467,-0.5443527077336847,0.6598348588491671,-0.4105045615552101,-0.9393142359920511
1468,-0.4919082941887073,0.5372610132299721,-0.4923762830876161,-0.9356512827701329
1469,-0.4226642187820762,0.4146871676107909,-0.4705438240123077,-0.9319883295482148
1470,-0.30670845396993907,0.4649926533508215,-0.4814600535499618,-0.925578366227192
1471,-0.23757716661161812,0.6305510266636694,-0.5840726112039113,-0.9250292919151059
1472,-0.14598681548263556,0.6880041626214013,-0.6779521852277364,-0.9228329946667673
1473,-0.09714756780891616,0.7691572598875361,-0.7543657919913151,-0.9228329946667673
1474,-0.05592710682112876,1.0532154397424527,-0.9508579236690897,-0.9274102524728218
1475,-0.04618108375459705,1.3372736195973693,-1.0272715304326687,-0.9274102524728218
1476,-0.10221271690935534,1.6213317994522862,-1.2128474325727892,-0.9274102524728218
1477,-0.1229612473274307,1.6774361385456211,-1.3411131296402252,-0.9269522809114121
1478,-0.12111220556565618,1.6765520174485466,-1.518501859627105,-0.925578366227192
1479,-0.09813162069010092,1.336702900517536,-1.6795162453075034,-0.9145907354654454
1480,0.01991132994513091,0.8540240203553772,-1.819789794866359,-0.9109281918781965
1481,0.15880177575461824,0.15710049534650422,-1.9114861229826539,-0.8990258468976444
1482,0.32309528289467626,-0.15191064319602118,-1.9496929263644434,-0.8958200459677915
1483,0.38597442464040904,-0.3639436851219735,-1.9878997297462326,-0.8926142450379415
1484,0.454066703999489,-0.5759767270479396,-2.0664965824173427,-0.9109278641704593
1485,0.4588780459761545,-0.7000981096315217,-2.068679828324873,-0.9155062689535896
1486,0.2640803402518321,-0.6923520032015412,-2.1123447464754896,-0.9319883295482148
1487,0.05008500001348016,-0.02389014473678129,-2.071590822868248,-0.9359557778750665
1488,-0.23483504305700037,0.6753783105454421,-2.077412811954997,-0.9438906745287641
1489,-0.35821068022643215,0.8371574010626989,-2.0424808774345036,-0.9347337011086365
1490,-0.5103764219456258,1.0456914273688,-2.0424808774345036,-0.9347337011086365
1491,-0.5046614298754002,1.285395410867482,-2.0424808774345036,-0.9347337011086365
1492,-0.41334585502157495,1.1899371239326666,-1.9551510411332702,-0.9347337011086365
1493,-0.374429215102839,1.01068826938948,-1.9551510411332702,-0.9365664066236078
1494,-0.349212137487572,0.11367708860068593,-1.9551510411332702,-0.9335143552400135
1495,-0.35106291932581607,-0.42452961987258503,-1.9551510411332702,-0.9274102524728218
1496,-0.34899823632300153,-0.42452961987258503,-1.9551510411332702,-0.9274102524728218
1497,-0.2253655547764413,-0.4172316020895239,-1.9551510411332704,-0.9274102524728218
1498,-0.17202084110899657,-0.40810907986068723,-1.9376850738730238,-0.930156443302585
1499,-0.16212407801829756,-0.3417246463508269,-1.8423500025775108,-0.9307670720511292
1500,-0.18435642282011167,-0.43223955771223077,-1.7848578603458658,-0.9319883295482148
1501,-0.20404721126598177,-0.7581034863805586,-1.7804913685308041,-0.9136760212466398
1502,-0.2169865412418318,-0.8617060691333902,-1.853266232115165,-0.9136760212466398
1503,0.014149417311262498,-0.909743315407358,-1.7804913685308041,-0.9136760212466398
1504,0.09452903872924173,-0.8764380718076146,-1.7804913685308041,-0.9136760212466398
1505,0.03513628221799928,-0.87890465543709,-1.7455594340103109,-0.9466385038972102
1506,-0.32902241354612416,-0.9350289799103583,-1.7368264503801876,-0.9370243781850145
1507,-0.4618697100253048,-0.8163878731348043,-1.6494966140789544,-0.9274102524728218
1508,-0.30665427668986284,-0.581236478860045,-1.518501859627105,-0.9484695708734986
1509,-0.38506019201473723,-0.5805128774618978,-1.4311720233258718,-0.9484695708734986
1510,-0.4643293165926463,-0.5714735602542803,-1.4137060560656252,-0.957626544293626
1511,-0.48526182187340267,-0.5291713798088229,-1.3438421870246389,-0.9625096626535146
1512,-0.5976208830340491,-0.4913522961353324,-1.291444285243899,-0.97227589937328
1513,-0.6528783665596098,-0.45652194364317156,-1.2128474325727892,-0.979143014986371
1514,-0.8032503305102194,-0.4036085725222016,-1.1691825144221721,-0.986010130599462
1515,-0.8796185003734798,-0.3386398556487061,-1.110962623554684,-0.995165738570686
1516,-1.0207303425308067,-0.2736711387752105,-0.9945228418197063,-0.9997435425562996
1517,-1.1306291499245584,-0.23555777752214374,-0.9071930055184732,-1.0070710875388216
1518,-1.2790389460830962,-0.30486583875072315,-0.8722610709979799,-1.0089016629535057
1519,-1.3179292828189237,-0.4186933128328547,-0.7761982510666237,-1.0116475260755318
1520,-1.3418440767931263,-0.5622003954840165,-0.6277375293545276,-1.0171422016892124
1521,-1.3272121790165972,-0.6845451090332699,-0.4923762830876161,-1.0208053187650008
1522,-1.3786272182475379,-0.8015992303070463,-0.40067995497132125,-1.0251992240926235
1523,-1.3730635073607542,-0.7899716983032004,-0.2958841514098418,-1.026297700424527
1524,-1.387353407257929,-0.7630043303708924,-0.2085543151086084,-1.03270766374555
1525,-1.3820233122956564,-0.674677618724722,-0.1037585115471287,-1.0341728450343166
1526,-1.3819785134165163,-0.4514077049698661,-0.016428675245895762,-1.0400335701893892
1527,-1.3933214903090694,-0.13817565647587252,0.05343519379509069,-1.0414987514781557
1528,-1.4422074106587293,0.02962731276158318,0.05343519379509069,-1.0473594766332284
1529,-1.4739497134031243,0.10047756249469868,0.0752676528703996,-1.0489613530114772
1530,-1.4297412069560544,0.03973844312622033,0.14076503009632338,-1.0537669821462297
1531,-1.4355374268506522,-0.0538980185176807,0.1931629318770636,-1.052668341960456
1532,-1.4068608364797062,-0.17961735936572454,0.22809486639755708,-1.0519359151699412
1533,-1.3448476192003016,-0.3785748423817993,0.28631475726504535,-1.0501045751038705
1534,-1.2454375480680984,-0.8704848940699286,0.31542470269878975,-1.044610008726102
1535,-1.1141926611816158,-1.1826098775105558,0.4245869980753316,-1.0464414853370598
1536,-0.9979379432530145,-1.449788593889294,0.49008437530125665,-1.0519359151699412
1537,-1.010692539419123,-1.451340829224497,0.5555817525271817,-1.0533092154021575
1538,-1.0049370211853272,-1.2966568105111966,0.6647440479037225,-1.0537669821462297
1539,-0.9889936411444515,-0.907618410725203,0.6865765069790307,-1.0565139922453344
1540,-0.9653063660640471,-0.7107678437802072,0.7520738842049552,-1.0624655743702782
1541,-0.9499994186072908,-0.5882906630244676,0.8175712614308802,-1.068417156495225
1542,-1.0491708848424128,-0.571119194184687,0.8394037205061889,-1.068417156495225
1543,-1.0544851893340996,-0.8211329482425452,0.8394037205061889,-1.0661285275921992
1544,-1.0223753451593685,-1.1379430080248099,0.8830686386568053,-1.0638398986891706
1545,-0.9633691402812193,-1.5009098822779936,0.9267335568074216,-1.0571246209938756
1546,-0.8522247947786756,-2.0874488789519448,1.0140633931086553,-1.0537669821462297
1547,-0.6414258748276341,-2.842215022053335,1.1596131202773767,-1.0473594766332284
1548,-0.5291285025140151,-2.9284570163399493,1.258586934752107,-1.0473594766332284
1549,-0.44149657007285215,-2.690238624199822,1.3459167710533404,-1.0473594766332284
1550,-0.39396440713085584,-1.9653296524195891,1.4507125746148208,-1.0638398986891706
1551,-0.3727913670541716,-1.8203478580635426,1.4507125746148208,-1.0672734564957176
1552,-0.5616678554787897,-1.8203478580635426,1.4507125746148208,-1.0775741299153525
1553,-0.6076990105588238,-1.3128543108826973,1.4507125746148208,-1.0812369192834035
1554,-0.7575071461295351,-0.805360763701838,1.4507125746148208,-1.08673110333548
1555,-0.8264781889330333,-0.4411912838200334,1.4507125746148208,-1.08673110333548
1556,-0.9202058782345901,-0.07702180393822881,1.4507125746148208,-1.08673110333548
1557,-0.9518374858849961,-0.10379861698257185,1.4507125746148208,-1.0838007407579437
1558,-0.9398510784918118,-0.13057543002691413,1.4507125746148208,-1.079405196891641
1559,-0.9072043754388536,-0.5505329511336393,1.4856445091353137,-1.0775739660614825
1560,-0.7697131995820924,-1.09634912914008,1.5817073290666703,-1.0748271198162478
1561,-0.6614423781485751,-2.1455999347453827,1.7127020835185194,-1.0656701463961205
1562,-0.5662781763610101,-2.363427853505944,1.829141865253497,-1.0610920693207273
1563,-0.2943736968389958,-2.3074543764924966,1.9397596579017253,-1.0519359151699412
1564,-0.09809204786174609,-2.1525623883847786,2.062021428723452,-1.044610008726102
1565,-0.02166760930503786,-2.0787484744026354,2.040188969648144,-1.0423211750057388
1566,0.056991536542453675,-2.052955028467316,1.9746915924222184,-1.0354546738446546
1567,0.14004332164036237,-2.13816538059369,1.9310266742716025,-1.0317917206227365
1568,0.2282000806982122,-2.3320989650209247,1.8873617561209857,-1.0281287674008184
1569,0.3327758415551619,-2.689117397899447,1.8873617561209857,-1.018973432519371
1570,0.339599830320815,-2.4134283461727284,1.8873617561209857,-1.018973432519371
1571,0.4326339271612908,-2.137739294446009,1.8873617561209857,-1.018973432519371
1572,0.36403593839878595,-2.101222413982314,1.8873617561209857,-1.019339809768497
1573,0.35580704947804587,-1.961677830415485,1.8873617561209857,-1.0208053187650008
1574,0.3353436645677594,-1.4100224344361343,1.8873617561209857,-1.021354556930954
1575,0.2982100149023016,-0.9602909297660157,1.865529297045677,-1.0235515095947638
1576,0.26644414930009186,-0.9182549903327418,1.800031919819752,-1.025382412717185
1577,0.21718580156297426,-0.8825579312499656,1.765099985299259,-1.0281287674008184
1578,0.1754007364119051,-0.8563691926929153,1.7127020835185194,-1.0272132339126714
1579,0.10587765892795328,-0.8277852897092629,1.7127020835185194,-1.026297700424527
1580,0.0877112229004237,-0.7976046104412045,1.7127020835185194,-1.029731258231074
1581,0.08920464528684474,-0.7606443298515623,1.7127020835185194,-1.0308757774999202
1582,0.040981496231702615,-0.7297201851155181,1.6981471108016473,-1.0281287674008184
1583,0.0047509210003410084,-0.7297201851155181,1.625372247217286,-1.0281287674008184
1584,0.017366561710163906,-0.7460081069628415,1.625372247217286,-1.018973432519371
1585,0.14019740821128626,-0.8274477161994728,1.625372247217286,-1.0160430699418346
1586,0.17611054567343634,-0.9692165341141367,1.625372247217286,-1.0116475260755318
1587,0.27200963056872296,-1.1512048244808133,1.625372247217286,-1.007985064415218
1588,0.29602095658213545,-1.3058062582461705,1.5904403126967932,-1.0024913719247457
1589,0.4069172645680024,-1.442149787610648,1.5380424109160529,-1.0006604688023244
1590,0.42807705160726917,-1.544719087320715,1.5380424109160529,-0.9979141141186941
1591,0.48276696338267555,-1.6247722339278508,1.5380424109160529,-0.9935195533755998
1592,0.4978625436836931,-1.5579755454670379,1.472545033690129,-0.990589846213535
1593,0.5583122969174217,-1.4544663982392305,1.4507125746148208,-0.990589846213535
1594,0.5609407420963031,-1.2202680779359183,1.4507125746148208,-0.9933352177739596
1595,0.5323711237097408,-0.9626459068700192,1.3779377110304596,-0.9933352177739596
1596,0.4679337060731333,-0.6113283327537585,1.2760529020123539,-0.990589846213535
1597,0.450552865861189,-0.4120956622620149,1.1887230657111207,-0.9893075258415955
1598,0.4429999614644737,-0.31425292751995854,1.166890606635812,-0.9841782443538322
1599,0.47220173886350114,-0.3474958807696718,1.101393229409888,-0.9830800957296628
1600,0.4983939689963573,-0.4135102560173171,1.057728311259271,-0.9814328727934075
1601,0.517092732649156,-0.7086007424093285,1.0140633931086553,-0.9793726152190797
1602,0.5081541877059326,-0.9151143510720284,1.0140633931086553,-0.9786858626943028
1603,0.511525576880093,-0.9887626431407541,0.9791314585881618,-0.97227589937328
1604,0.5407336881597583,-0.9197981835203541,0.9267335568074216,-0.9704445593072092
1605,0.5605721864917115,-0.8425685981986754,0.9267335568074216,-0.9695288892741754
1606,0.5702069925954097,-0.8748912617609799,0.9267335568074216,-0.9680633802776715
1607,0.567478673225129,-0.9014432937142877,0.8568696877664351,-0.9676970030285456
1608,0.5599742873928181,-0.9049127992315547,0.8394037205061889,-0.962202982830339
1609,0.5457612530009797,-0.9132576967681961,0.7666288569218271,-0.962202982830339
1610,0.5812295235249536,-0.9289156823338506,0.7520738842049552,-0.9603719158540478
1611,0.5762860746503803,-1.0605422247088694,0.7084089660543389,-0.9589992300738384
1612,0.5664856841960382,-1.1782455342768532,0.6647440479037225,-0.957626544293626
1613,0.5610702299476913,-1.124287355807389,0.6647440479037225,-0.957626544293626
1614,0.5538190712136611,-1.0625489116837212,0.6647440479037225,-0.957626544293626
1615,0.5316274100948869,-0.9891400690787888,0.6647440479037225,-0.9557946580479962
1616,0.5046726992722943,-0.8745151084215019,0.6647440479037225,-0.9557946580479962
1617,0.4893039014539856,-0.7324127357293116,0.5774142116024898,-0.9603719158540478
1618,0.46784427097082526,-0.7544353885107915,0.5774142116024898,-0.9592737672298786
1619,0.3857546438904777,-0.8174892976606885,0.5774142116024898,-0.957626544293626
1620,0.34175655948233696,-0.8203526443955164,0.5774142116024898,-0.957626544293626
1621,0.3416700770139704,-0.8011223407455983,0.5774142116024898,-0.957626544293626
1622,0.3250710667038077,-0.720372613880159,0.5774142116024898,-0.9649516314681238
1623,0.3070979036392098,-0.47222393432706794,0.5774142116024898,-0.9649516314681238
1624,0.2521691050297031,0.02702317425748709,0.5075503425615029,-0.9686134377129662
1625,0.16724530892089753,0.37446829796859926,0.49008437530125665,-0.9695288892741754
1626,0.11116772311396746,0.49421044436951966,0.4202205062602697,-0.9636681641191057
1627,0.04786000970488068,0.6314847121252732,0.31542470269878975,-0.962202982830339
1628,0.060053488994685975,0.7950571619132838,0.297958735438543,-0.962202982830339
1629,0.11112016707341464,0.917373306326341,0.22809486639755708,-0.9628901449897852
1630,0.12153415706572876,1.02937537439567,0.18879644006200166,-0.9649516314681238
1631,0.09609679403897382,0.8291822268939324,0.09491686603817656,-0.960190038060432
1632,0.07193584678912233,0.628989079392195,-0.005512445708241429,-0.9530476479488915
1633,0.14770839530782529,0.6068418459106691,-0.11249149517725207,-0.9493848585808405
1634,0.22861052421075997,0.5846946124291431,-0.1474234296977453,-0.9438906745287641
1635,0.31768719096929315,-0.04260136213651373,-0.17798887240317685,-0.9365657512081363
1636,0.383512963794982,-0.6698973367021706,-0.24130300372157115,-0.925578366227192
1637,0.5078269581327898,-0.7258715791884314,-0.25221923325922496,-0.9226480036496557
1638,0.6502081974618104,-0.7818458216747061,-0.31771661048515,-0.9182524597833528
1639,0.7474544119619251,-0.8378200641609669,-0.35592341386693943,-0.9191684029061663
1640,0.7753651520962549,-0.650792283541007,-0.40067995497132125,-0.9200843460289826
1641,0.7299275075428333,-0.09926146826171509,-0.4623566518590672,-0.9187104313447595
1642,0.6887316465301676,0.11054850553675098,-0.5775228734813186,-0.9182524597833528
1643,0.6650436178104238,0.09254458501465584,-0.7034233874822629,-0.9063501148028036
1644,0.7344530632613221,0.07454066449257452,-0.8444246856769623,-0.8994836136417165
1645,0.7773999885842149,0.010811608323096926,-0.8482453660151408,-0.8971947799213561
1646,0.8751744283547577,-0.0834008716113115,-0.9290254645937815,-0.8898688734775169
1647,0.8921926844338282,-1.1131795798424233,-0.9262964072093682,-0.8894111067334448
1648,0.9407168835833523,-2.1475503594686076,-0.8689862021366838,-0.8880378065012285
1649,0.9287179425487272,-2.26472319637835,-0.8198631692172402,-0.8907836696232546
1650,0.8972235126675066,-2.1368792857424914,-0.8198631692172402,-0.8926142450379415
1651,0.7681298780020576,-1.5637625199205707,-0.8198631692172402,-0.8990258468976444
1652,0.6771630629502569,-0.6796548186279753,-0.8547951037377337,-0.90305435809935
1653,0.56908811697523,-0.030247205066537768,-0.9799678691028343,-0.9090971249019053
1654,0.39723387084245254,0.2671102768982389,-1.0054390713573604,-0.9136760212466398
1655,0.26151294756415755,0.3865721167240586,-1.0381877599703229,-0.9155065966613238
1656,0.17158949723755162,0.3186866867153095,-1.0964076508378118,-0.9182524597833528
1657,0.0949447291810261,-0.030219648045320537,-1.0927689076585938,-0.9136760212466398
1658,0.0863091421155242,-0.37912598280593673,-1.0818526781209397,-0.9036022854343574
1659,0.21507740348344617,-0.5999713953887004,-1.0527427326871952,-0.9036022854343574
1660,0.2521485487391257,-0.6287254247046785,-0.9945228418197063,-0.9036022854343574
1661,0.25074755689315736,-0.5655388973902071,-0.9945228418197063,-0.9022289852021411
1662,0.24908134506723645,-0.45284292821743577,-0.9945228418197063,-0.9017712184580691
1663,0.24919675033575125,-0.23404974824180338,-0.9945228418197063,-0.9017712184580691
1664,0.2362271700587296,-0.07505026117097548,-0.9945228418197063,-0.9022289852021411
1665,0.21762622257123876,-0.0057413134573335795,-1.0381877599703229,-0.9036022854343574
1666,0.19467399239844244,0.0635676342563083,-1.0818526781209397,-0.909096715267236
1667,0.15882739835069443,0.13287658196993637,-1.0905856617510628,-0.9109281918781965
1668,0.09962474078510289,0.038329207680584995,-1.1691825144221721,-0.9109281918781965
1669,0.01850870147189149,-0.03518077301954533,-1.1800987439598265,-0.9109281918781965
1670,-0.016519702729218974,-0.024541179362805313,-1.1691825144221721,-0.9136760212466398
1671,-0.03291388037331545,0.001423849765153144,-1.1473500553468643,-0.9141335831733772
1672,-0.06668339686193547,0.037605835873891644,-1.0818526781209397,-0.9155062689535896
1673,-0.09009921076711729,0.022891444702806747,-1.0818526781209397,-0.9177953074912847
1674,-0.11924684649916568,-0.0045470407882478225,-1.0818526781209397,-0.9200843460289826
1675,-0.14171761191169988,-0.03198552627930239,-0.9945228418197063,-0.925578366227192
1676,-0.1957040067290621,-0.0794752399825971,-0.9945228418197063,-0.925578366227192
1677,-0.24725079943787165,-0.15704179600421755,-0.972690382744398,-0.9347337011086365
1678,-0.29953267600611605,-0.22575240570356656,-0.9071930055184732,-0.9370239685503453
1679,-0.3825234471366025,-0.29224902882235465,-0.9071930055184732,-0.9393142359920511
1680,-0.5117038616169508,-0.040153954190548354,-0.8198631692172402,-0.9411453029683423
1681,-0.5323064149772365,0.0838741701650163,-0.8198631692172402,-0.9411453029683423
1682,-0.547101900145647,0.01580186910619092,-0.784931234696747,-0.9484695708734986
1683,-0.5809694350066312,-0.05305408474320512,-0.7325333329160073,-0.9484695708734986
1684,-0.6263545228471122,-0.07960183004876845,-0.6626694638750206,-0.9484695708734986
1685,-0.6221200605372816,0.06386691161162493,-0.6452034966147738,-0.9530476479488915
1686,-0.6027951784011811,0.15304900548292238,-0.5724286330304134,-0.9530476479488915
1687,-0.6319649827725372,0.025084508197905187,-0.5578736603135411,-0.9530476479488915
1688,-0.624589726092391,-0.3164554779905563,-0.5578736603135411,-0.9509112665983311
1689,-0.6031267431840325,-0.6535223423225524,-0.5054757585328009,-0.9466385038972102
1690,-0.5396678304902124,-0.7591212303252421,-0.4705438240123077,-0.9480118041294264
1691,-0.4596683668988007,-0.8448729392761996,-0.4705438240123077,-0.9484695708734986
1692,-0.4372178918771332,-0.9008538796495715,-0.3832139877110748,-0.9557946580479962
1693,-0.4267553007083026,-0.7666941293948495,-0.3832139877110748,-0.9557946580479962
1694,-0.4862384973645441,-0.5057739187213981,-0.3832139877110748,-0.9649516314681238
1695,-0.5174179145629567,-0.11254538774513745,-0.3832139877110748,-0.9649516314681238
1696,-0.6288923669371869,0.36888869009966274,-0.3832139877110748,-0.9649516314681238
1697,-0.644964297417401,0.5233285708281973,-0.3832139877110748,-0.9626617736610843
1698,-0.6324460309622898,0.6777684515567178,-0.3832139877110748,-0.9603719158540478
1699,-0.5839772897946054,0.29561715418024953,-0.3832139877110748,-0.9548787149251828
1700,-0.5059885759098907,-0.4881220391452381,-0.2958841514098418,-0.950758404593859
1701,-0.34758238456982665,-1.8069011799236157,-0.2085543151086084,-0.9438906745287641
1702,-0.18375684722325633,-2.8563127348192996,-0.07755956065675884,-0.9393142359920511
1703,-0.11361661488420914,-1.8800880354132659,0.05343519379509069,-0.9512165809726032
1704,-0.11816388046655339,-1.4895981556508608,0.22809486639755708,-0.9534138613441504
1705,-0.2871107720855696,-1.4895981556508608,0.22809486639755708,-0.962202982830339
1706,-0.39348189161301367,-0.9240178523927184,0.22809486639755708,-0.9635764878798899
1707,-0.42465281645749803,-0.21704247332003668,0.22809486639755708,-0.9676970030285456
1708,-0.4770507977149385,-0.28665326623855847,0.1931629318770636,-0.9684297575267974
1709,-0.4976100058268271,-0.3426540916524442,0.14076503009632338,-0.9695288892741754
1710,-0.5142541018042918,-0.34421504704779976,0.18442994824694023,-0.968612946151359
1711,-0.5075197678691913,-0.5403655585173612,0.22809486639755708,-0.9676970030285456
1712,-0.46176688576821456,-1.0284004040982382,0.40275453900002295,-0.9676970030285456
1713,-0.43425862756462474,-1.43931175888906,0.4726184080410099,-0.9684297575267974
1714,-0.43062813256290644,-1.7234329146424485,0.5774142116024898,-0.9713601201043337
1715,-0.42935913004596693,-1.5775167650360897,0.6123461461229828,-0.9741069663495713
1716,-0.45561677784267746,-1.276881633745793,0.6647440479037225,-0.9771595639127275
1717,-0.4743620260041411,-0.35737057571970304,0.6647440479037225,-0.9786858626943028
1718,-0.5154430792949697,-0.05376023341163598,0.6472780806434758,-0.9768547957180145
1719,-0.4965867353921763,-0.21714444503205618,0.5774142116024898,-0.9761678383759029
1720,-0.4773557588293731,-0.6061049637852018,0.5774142116024898,-0.9741069663495713
1721,-0.43088556503147657,-0.8400113264230359,0.5774142116024898,-0.9728862550320447
1722,-0.38447206568617204,-0.841336454887944,0.5774142116024898,-0.97227589937328
1723,-0.3383397300304516,-0.9894803217434127,0.5948801788627366,-0.9695288892741754
1724,-0.31921976302984945,-1.0579621985983434,0.6647440479037225,-0.9683845748226609
1725,-0.29330434767952535,-0.8077961154510251,0.7084089660543389,-0.9649516314681238
1726,-0.22006573009063604,-0.7077296821921091,0.699675982424215,-0.9649516314681238
1727,-0.15797508885372216,-0.7077296821921091,0.6647440479037225,-0.9649516314681238
1728,-0.1357910025379715,-0.34011901928704036,0.6647440479037225,-0.9649516314681238
1729,-0.13000963296243906,-0.05270445503663666,0.6210791297531056,-0.9649516314681238
1730,-0.12594942057152544,0.1812460434440136,0.5774142116024898,-0.9649516314681238
1731,-0.12265137639966446,0.11190568883120586,0.468251916225948,-0.9603719158540478
1732,-0.10845293658604573,0.023269678327209647,0.40275453900002295,-0.9580832869510221
1733,-0.05550645122444542,-0.07823010277088455,0.35035663721928323,-0.9557946580479962
1734,-0.014063184399534844,-0.2800843262731694,0.31542470269878975,-0.9523611002414522
1735,0.03727220739528877,-0.5052338011057448,0.31542470269878975,-0.9512165809726032
1736,0.0914843586291121,-0.7232098388552916,0.31542470269878975,-0.9438906745287641
1737,0.11801830755791715,-0.8484817608451383,0.22809486639755708,-0.9444402404024544
1738,0.19296958038935882,-0.8346975091954211,0.22809486639755708,-0.9466385038972102
1739,0.2306816244197285,-0.776353554253531,0.22809486639755708,-0.9477830231660592
1740,0.19452996481528817,-0.6883031304501973,0.22809486639755708,-0.9512165809726032
1741,0.1729689911004707,-0.46210155151210813,0.22809486639755708,-0.9530478118027615
1742,0.10037785642881648,-0.2013621837903301,0.1931629318770636,-0.9557946580479962
1743,0.05390200962247617,-0.024830528085482646,0.14076503009632338,-0.9509112665983311
1744,-0.012245408111955004,0.11617272133376419,0.07090116105533742,-0.9484695708734986
1745,0.0052152572306217,0.19927005762740116,0.05343519379509069,-0.9438906745287641
1746,0.05971849302690232,0.21276094182219085,0.05343519379509069,-0.942975386821422
1747,0.11573226347398648,0.17984752461773978,0.03160273471978252,-0.9393142359920511
1748,0.14670975954823928,-0.030843891122954648,-0.033894642506142256,-0.9374820220386841
1749,0.19324861528323425,-0.2859798064976926,-0.033894642506142256,-0.9347337011086365
1750,0.27489125233692374,-0.5112584548671816,-0.033894642506142256,-0.9292411146317755
1751,0.3424244055005127,-0.6214279810262205,-0.05572710158145067,-0.9262659380213074
1752,0.38729124630107137,-0.6513096953194082,-0.12122447880737569,-0.9228329946667673
1753,0.4356846340932406,-0.6669978213770218,-0.18672185603330047,-0.9248920233370843
1754,0.42422731861291857,-0.6533170520829683,-0.2085543151086084,-0.925578366227192
1755,0.3646416190164715,-0.6200570192211641,-0.2958841514098418,-0.9228329946667673
1756,0.36286466815091595,-0.4580906270753855,-0.2958841514098418,-0.9228329946667673
1757,0.3489279277571394,-0.12138860808193612,-0.3832139877110748,-0.9222832649392098
1758,0.3286961044549696,0.018704398480541104,-0.3832139877110748,-0.9200843460289826
1759,0.32722257118427883,-0.10949316059413372,-0.3832139877110748,-0.921458670347875
1760,0.32368502208562056,-0.25090163218285605,-0.3832139877110748,-0.9228329946667673
1761,0.2739451339104112,-0.4451537538277909,-0.3832139877110748,-0.9206340757565401
1762,0.24476468670195617,-0.6415713023718332,-0.4705438240123077,-0.9200843460289826
1763,0.2584241243452818,-0.8412369912645165,-0.4923762830876161,-0.9109281918781965
1764,0.31304269863552003,-0.9474430427327358,-0.3832139877110748,-0.912576889499262
1765,0.3675138038846596,-1.0031595505234285,-0.3832139877110748,-0.9136760212466398
1766,0.356709423720985,-0.9503775210285359,-0.3832139877110748,-0.9136760212466398
1767,0.32539304334512537,-0.8982151800480519,-0.3832139877110748,-0.9136760212466398
1768,0.29957752701264195,-0.8485315931251624,-0.3832139877110748,-0.9136760212466398
1769,0.2728013428195933,-0.7883735824413776,-0.3832139877110748,-0.9148961863846073
1770,0.23830099518327819,-0.6863178767140546,-0.3832139877110748,-0.9155062689535896
1771,0.19924554979418496,-0.6670210726136597,-0.3832139877110748,-0.9200843460289826
1772,0.11386731858096509,-0.6396242265921503,-0.3832139877110748,-0.9228313561280873
1773,0.05248926031795418,-0.35913680854771274,-0.31771661048515,-0.925578366227192
1774,-0.023267418114345118,0.15909708764866423,-0.2958841514098418,-0.9347337011086365
1775,-0.16470768921859033,0.7426790150104613,-0.33954906956045816,-0.9370239685503453
1776,-0.21283927109405967,0.9536624586286666,-0.3832139877110748,-0.9393142359920511
1777,-0.2351854882602611,1.1909712777007604,-0.3832139877110748,-0.9406875362242703
1778,-0.2847354435701282,1.467768159953645,-0.4530778567520612,-0.9411453029683423
1779,-0.30403352228486447,1.561080778756305,-0.4705438240123077,-0.9433416002166809
1780,-0.3179330892256329,1.5320705552587968,-0.5578736603135411,-0.9438906745287641
1781,-0.33736978535759227,1.3147509104449406,-0.5753396275737874,-0.9347337011086365
1782,-0.3436412046756127,0.9576582267037287,-0.6561197261524282,-0.92771447448797
1783,-0.20355091764582975,0.041473387253050296,-0.6533906687680145,-0.9136760212466398
1784,0.00020375138501876745,-1.3104189591334963,-0.6364705129846507,-0.8898688734775169
1785,0.1862769291873989,-2.4972845530746715,-0.5578736603135411,-0.8880378065012285
1786,0.42540993596971294,-2.588335630298352,-0.5578736603135411,-0.8825446055723607
1787,0.6292667974676149,-2.6022103034239197,-0.49965376944605233,-0.8862067395249402
1788,0.732540258988627,-2.5003203704022905,-0.5404076930532942,-0.8880378065012285
1789,0.6573829643903523,-1.331517303495317,-0.5753396275737874,-0.9017712184580691
1790,0.6049155661296641,-0.1502136255556994,-0.6452034966147738,-0.9057394860542594
1791,0.42678388697367076,0.014179362629220461,-0.6976013983955138,-0.9136760212466398
1792,0.12852083590448082,0.4114095896179935,-0.8416956282925486,-0.9182524597833528
1793,0.02991950710345854,0.7214547503711779,-0.9071930055184732,-0.9182524597833528
1794,-0.05592561362788865,0.44992240737808475,-0.9181092350561273,-0.9155062689535896
1795,-0.06882559800292314,0.10581711809002076,-0.828050341370481,-0.9139039829406685
1796,-0.0534106924556684,-0.3471475906405201,-0.784931234696747,-0.9090971249019053
1797,0.004248534002100288,-0.7042394132248273,-0.6743134420485183,-0.9072657848358374
1798,0.05128803740080544,-0.9974159783783028,-0.5753396275737874,-0.9063501148028036
1799,0.09630671155902631,-1.2905925435317784,-0.4530778567520612,-0.9036022854343574
1800,0.10292285738167754,-1.1959815393149802,-0.3832139877110748,-0.9047012533278681
1801,0.1346292491116987,-0.5196891810427785,-0.3832139877110748,-0.9090971249019053
1802,0.13928424046044943,-0.11391376607946571,-0.3832139877110748,-0.908547722882085
1803,0.05868665387562459,-0.11391376607946571,-0.40067995497132125,-0.9063501148028036
1804,0.036456252270493726,-0.16909980121191687,-0.4705438240123077,-0.9058005489291131
1805,0.052374055373110746,-0.2610765264326734,-0.4923762830876161,-0.9036022854343574
1806,0.06112110458392232,-0.4202215388905093,-0.5578736603135411,-0.9017717100196734
1807,0.08703423162153803,-0.6241454095063844,-0.5578736603135411,-0.8990258468976444
1808,0.10250620297923557,-0.5009755524036793,-0.5578736603135411,-0.8990258468976444
1809,0.148782289845639,-0.2960322633713498,-0.5578736603135411,-0.8990258468976444
1810,0.15657757004706468,-0.2718258314801146,-0.5578736603135411,-0.8976525466654282
1811,0.14810743663670656,-0.26665070901306936,-0.5578736603135411,-0.8971947799213561
1812,0.15457669270180938,-0.1568639671017457,-0.5578736603135411,-0.8990258468976444
1813,0.15332085162129075,-0.011733479652110312,-0.5928055948340344,-0.9001239955218137
1814,0.12113450492086685,0.15695950482307536,-0.6452034966147738,-0.9017712184580691
1815,0.06493059991503468,0.28283959496150013,-0.6888684147653904,-0.9017712184580691
1816,0.04560090658648686,0.3980164615157519,-0.7325333329160073,-0.9017712184580691
1817,0.029886073311009807,0.15365457596022916,-0.7325333329160073,-0.8990258468976444
1818,0.04510346395883902,-0.07121875455566734,-0.7325333329160073,-0.8981102314825652
1819,0.056654160660968324,-0.283099715045128,-0.7325333329160073,-0.8944477698222514
1820,0.1017813206455656,-0.3571668060418411,-0.7325333329160073,-0.8955465738618921
1821,0.12379800503005485,-0.3967804296653536,-0.7325333329160073,-0.8971947799213561
1822,0.09047267272403378,-0.25962351183245447,-0.7325333329160073,-0.8937593787587944
1823,0.07942923393872185,-0.1753039200739681,-0.7325333329160073,-0.8926142450379415
1824,0.11750816706336989,-0.17024031742712845,-0.7325333329160073,-0.8926142450379415
1825,0.12704898426825462,-0.2752417539005879,-0.7325333329160073,-0.8889530942085706
1826,0.13339473137308003,-0.545340749054503,-0.7325333329160073,-0.8880378065012285
1827,0.1751349796672436,-0.690706332341314,-0.8198631692172402,-0.8880378065012285
1828,0.181279589820913,-0.7529163077167355,-0.8198631692172402,-0.8891819161354053
1829,0.17197046320747694,-0.7544809341430709,-0.784931234696747,-0.8926142450379415
1830,0.11452864352145471,-0.7408842233321106,-0.7325333329160073,-0.8949045124796473
1831,0.06566558232850776,-0.7398895870979073,-0.7325333329160073,-0.8971947799213561
1832,-0.014456652963584248,-0.6848289364119442,-0.7325333329160073,-0.8971947799213561
1833,-0.04183721527094978,-0.5486692640483414,-0.6452034966147738,-0.8983388895555329
1834,-0.0552921729548441,-0.26909768638058923,-0.6452034966147738,-0.9017712184580691
1835,-0.1189654927589174,-0.12234104762741571,-0.5578736603135411,-0.9090971249019053
1836,-0.14015994264199222,-0.22858628173515722,-0.5578736603135411,-0.9090971249019053
1837,-0.25431851476620854,-0.26566683724028006,-0.5578736603135411,-0.9090971249019053
1838,-0.2753424797880875,-0.26564703063128925,-0.5578736603135411,-0.9104704251341245
1839,-0.27485308649086415,-0.2359134353270875,-0.4705438240123077,-0.9109281918781965
1840,-0.29124291865224494,-0.27163293233166297,-0.4705438240123077,-0.9109281918781965
1841,-0.29182812059764285,-0.3237157024134051,-0.4414338785785638,-0.9124542175699952
1842,-0.28250542333960266,-0.04271589600590684,-0.3832139877110748,-0.9155062689535896
1843,-0.3107412034693962,0.13476940486411734,-0.3832139877110748,-0.9136760212466398
1844,-0.33438602277274726,0.15698294742792346,-0.3832139877110748,-0.9136760212466398
1845,-0.3180437603492662,0.021145108539409013,-0.3832139877110748,-0.9182524597833528
1846,-0.2983923882966554,-0.1542055757121476,-0.3832139877110748,-0.9182524597833528
1847,-0.3424403550111164,-0.26474582992212403,-0.3832139877110748,-0.9182524597833528
1848,-0.3492493257793712,-0.3549144605205151,-0.3832139877110748,-0.9166047452854931
1849,-0.34350191409095054,-0.41452565570152133,-0.3832139877110748,-0.9155062689535896
1850,-0.32883514173249073,-0.4031129919158111,-0.3308160859303348,-0.9182531151988242
1851,-0.28754908284661473,-0.34435108881894744,-0.2958841514098418,-0.9200843460289826
1852,-0.28816142693730484,-0.17204874694386182,-0.2958841514098418,-0.9221458325073212
1853,-0.320117258735062,0.07594722078336255,-0.2958841514098418,-0.9228329946667673
1854,-0.3544789310257994,0.11778222360365691,-0.2958841514098418,-0.9228329946667673
1855,-0.35576851551583827,0.05898817064870877,-0.2958841514098418,-0.9193975935042057
1856,-0.34775313481708275,-0.06689191948971597,-0.2958841514098418,-0.9182524597833528
1857,-0.31285577791009567,-0.2652056398714674,-0.2958841514098418,-0.9182524597833528
1858,-0.2572215900010872,-0.4816277678140539,-0.2958841514098418,-0.9182524597833528
1859,-0.23119614216584422,-0.3590334697181792,-0.2958841514098418,-0.9182524597833528
1860,-0.2184143678989129,-0.2789550625082667,-0.2958841514098418,-0.9196263744675759
1861,-0.21175344146024877,-0.22722058255566244,-0.2958841514098418,-0.9200843460289826
1862,-0.22842011408668517,0.06307120262426222,-0.2958841514098418,-0.9217335352116551
1863,-0.23036577058538857,0.41300231411102734,-0.34828205319058153,-0.9228329946667673
1864,-0.261379282116271,0.5805111121471138,-0.3832139877110748,-0.9228329946667673
1865,-0.2667800425377183,0.6531068312582381,-0.3832139877110748,-0.9228329946667673
1866,-0.26195927907055155,0.5284725481202205,-0.4705438240123077,-0.9182524597833528
1867,-0.22578428261448957,0.3665574023647594,-0.4705438240123077,-0.9164213928070645
1868,-0.17786757099075273,0.14872096268316087,-0.4705438240123077,-0.9109281918781965
1869,-0.11595449699850745,-0.06911547699843765,-0.4705438240123077,-0.9109281918781965
1870,-0.04991575665352977,-0.28695191668002235,-0.4705438240123077,-0.9109281918781965
1871,-0.022807304604325212,-0.25357274955794074,-0.4705438240123077,-0.9109281918781965
1872,-0.016700200692076905,-0.05271651123341488,-0.4705438240123077,-0.9109281918781965
1873,-0.017178845168994084,0.10384043764936725,-0.5054757585328009,-0.9109281918781965
1874,-0.01959836166198676,0.24932256417170998,-0.5578736603135411,-0.9109281918781965
1875,-0.0233249426831169,0.12507488307703724,-0.5578736603135411,-0.9109281918781965
1876,-0.027608436522921994,-0.0666052499218859,-0.6102715620942806,-0.9109281918781965
1877,-0.03294509234225436,-0.06992424997610569,-0.6452034966147738,-0.9182524597833528
1878,-0.03584735258510278,-0.07324325003033931,-0.6452034966147738,-0.9182524597833528
1879,-0.13121144315325667,-0.07656225008457293,-0.6452034966147738,-0.9200843460289826
1880,-0.1651635659685708,-0.04751627168976455,-0.6452034966147738,-0.9207715081884288
1881,-0.20108771395592745,0.003106359004409754,-0.6452034966147738,-0.9228329946667673
1882,-0.22523152368691654,0.17488037154512587,-0.6452034966147738,-0.9228329946667673
1883,-0.25017699407901933,0.35533063566567413,-0.5578736603135411,-0.9228329946667673
1884,-0.2475486276598737,0.4493345242589955,-0.5578736603135411,-0.9221458325073212
1885,-0.23397931169827654,0.6227225362223803,-0.5928055948340344,-0.9200843460289826
1886,-0.19665882767814102,0.8159565790282637,-0.6452034966147738,-0.9177953074912847
1887,-0.1563092727098563,0.4116453221847827,-0.6452034966147738,-0.9155062689535896
1888,-0.10374728654833584,0.03849464549193829,-0.6452034966147738,-0.9155062689535896
1889,-0.08581463654922171,-0.21001371059836055,-0.6452034966147738,-0.9155062689535896
1890,-0.07921186972248905,-0.2800160078247503,-0.6452034966147738,-0.9109281918781965
1891,-0.07924878577955542,-0.23101426580853857,-0.6452034966147738,-0.9109281918781965
1892,-0.021954621760958158,-0.1866421033551367,-0.6452034966147738,-0.9109281918781965
1893,-0.002434601768398039,-0.143427335792458,-0.6452034966147738,-0.9086391533404986
1894,0.0005779402510507698,-0.08341426738550646,-0.6452034966147738,-0.9063501148028036
1895,0.013051417586378428,-0.05199916752511064,-0.6452034966147738,-0.9063501148028036
1896,0.0613106826880279,-0.13497594185095158,-0.6452034966147738,-0.9063501148028036
1897,0.06944723523756242,-0.16816665158128793,-0.6452034966147738,-0.9090971249019053
1898,0.06588255512270477,-0.16816665158128793,-0.6452034966147738,-0.9079983208622646
1899,0.03221178125356646,-0.34896137846692044,-0.6452034966147738,-0.9063501148028036
1900,0.008725094374433884,-0.5297561053525668,-0.6452034966147738,-0.904518556264908
1901,0.024764153623573627,-0.5015847922142074,-0.6452034966147738,-0.9017712184580691
1902,0.03506049138352665,-0.4572179880705,-0.6015385784641573,-0.9026867519462133
1903,0.09301288816696945,-0.34806921990534573,-0.5578736603135411,-0.9036022854343574
1904,0.10521743662373986,-0.3066200153819407,-0.5578736603135411,-0.902137431853325
1905,0.07575185863214018,-0.3667201563211871,-0.5578736603135411,-0.9017712184580691
1906,0.07196123824250088,-0.4220138934782005,-0.5578736603135411,-0.8990258468976444
1907,0.09272000811086349,-0.4761060296896418,-0.5578736603135411,-0.8999411346049864
1908,0.11578677890726852,-0.3938693718882448,-0.5578736603135411,-0.9036022854343574
1909,0.08193236439067005,-0.3203828337929488,-0.5578736603135411,-0.9028698586438426
1910,0.041582666456346444,-0.281896774522153,-0.5578736603135411,-0.9017712184580691
1911,0.03817296264058187,-0.19599579837298986,-0.5578736603135411,-0.8983388895555329
1912,0.053229970361866566,-0.038972446906282536,-0.5578736603135411,-0.8960496462005032
1913,0.09962369345185904,-0.15062789931823076,-0.5578736603135411,-0.8926142450379415
1914,0.1343480939829536,-0.2794667810826328,-0.5578736603135411,-0.893714359908528
1915,0.16861329530181005,-0.43408080687574313,-0.5578736603135411,-0.8944477698222514
1916,0.15430852008791546,-0.509426343535351,-0.5578736603135411,-0.8898688734775169
1917,0.12994919162151433,-0.531926220772633,-0.5578736603135411,-0.889502660082261
1918,0.17381274755528828,-0.21584288174061736,-0.5578736603135411,-0.8880378065012285
1919,0.1847908237514845,-0.00318421392044688,-0.5578736603135411,-0.8898683819159126
1920,0.19844599467183002,0.054337447081962816,-0.5928055948340344,-0.8926142450379415
1921,0.17977033073536683,0.08150557521293596,-0.6015385784641575,-0.8935310074300965
1922,0.11394578724639416,0.06314340403677501,-0.5578736603135411,-0.8944477698222514
1923,0.06833736933144842,0.05951088148328618,-0.6452034966147738,-0.8944477698222514
1924,0.03917727980206762,0.0629318865726043,-0.6452034966147738,-0.8944477698222514
1925,0.028231406064072234,0.07983735361045065,-0.6452034966147738,-0.8944477698222514
1926,0.021316085684546085,0.11987311258775989,-0.6452034966147738,-0.8944477698222514
1927,0.013023143697951833,0.19460430947424287,-0.6452034966147738,-0.8944477698222514
1928,0.007166162551946632,0.1432181196507765,-0.6452034966147738,-0.8852907964021238
1929,0.07114274928008921,0.10739781944538467,-0.6452034966147738,-0.8852907964021238
1930,0.13992247253327597,0.1338410777121942,-0.6452034966147738,-0.8852907964021238
1931,0.15217155876354663,0.0294688598896428,-0.6452034966147738,-0.8837650438001106
1932,0.15957647190788332,-0.2711265720669776,-0.6452034966147738,-0.8807135385960723
1933,0.20004024407121684,-0.27457765839472315,-0.6452034966147738,-0.8807135385960723
1934,0.200946578559044,-0.2636903098941948,-0.6452034966147738,-0.8792483573073028
1935,0.19164296170265258,-0.23129530915120727,-0.6452034966147738,-0.8733876321522331
1936,0.23424047545818338,-0.21597670552484735,-0.6626694638750206,-0.8733876321522331
1937,0.2744180775523187,-0.2262726975734218,-0.7347165788235377,-0.8733876321522331
1938,0.279980928930701,-0.21047050649851626,-0.7407205050692476,-0.8745319466037474
1939,0.2686991500636445,-0.1555210407383906,-0.7325333329160073,-0.8797967762039145
1940,0.2195364440383088,-0.09634185927526531,-0.7325333329160073,-0.8825446055723607
1941,0.12100765466448231,-0.03434286734345886,-0.7816563658354505,-0.8852912060367931
1942,0.05847449330117573,0.38572181995683974,-0.8225922266016535,-0.8880378065012285
1943,-0.029326207552630407,0.7189041949638891,-0.8198631692172402,-0.8836432457581342
1944,-0.035312998608850905,0.7045573207978457,-0.8198631692172402,-0.8825446055723607
1945,0.010225297460303021,0.6602467789057656,-0.8198631692172402,-0.8825446055723607
1946,0.012746491742607325,0.27964068408302095,-0.8198631692172402,-0.8779648899582847
1947,0.03297616981225271,-0.32016850140578806,-0.8198631692172402,-0.8754015600453487
1948,0.07493039232349256,-0.43641702989587106,-0.8198631692172402,-0.8715565651759448
1949,0.14367655782325797,-0.4317753941362692,-0.8198631692172402,-0.8669793073698904
1950,0.23871381604127548,-0.4271337583766673,-0.7325333329160073,-0.867345356911282
1951,0.25672490020563254,-0.43083902951983183,-0.7325333329160073,-0.8688095550768401
1952,0.24531010813300333,-0.4401089052648268,-0.7325333329160073,-0.8688095550768401
1953,0.21183364103391739,-0.44889519356129004,-0.7325333329160073,-0.8688095550768401
1954,0.18607604906146422,-0.4496252632550809,-0.7325333329160073,-0.8688095550768401
1955,0.16840398788433425,-0.4186140459867555,-0.7325333329160073,-0.8688095550768401
1956,0.1542678141466917,-0.3677395747376553,-0.7325333329160073,-0.8710071631561216
1957,0.13930810808419164,-0.2870702225174134,-0.7325333329160073,-0.8715565651759448
1958,0.10469295386748372,-0.24217107118700204,-0.7325333329160073,-0.8733876321522331
1959,0.0654380523056167,-0.22111872044981096,-0.7325333329160073,-0.8763634232147051
1960,0.028235059830863184,-0.13491621758649516,-0.6888684147653904,-0.8852907964021238
1961,-0.021670787431522096,-0.013587454801109317,-0.6452034966147738,-0.8896848655836139
1962,-0.16763007314420122,0.24824634767263973,-0.6452034966147738,-0.8926142450379415
1963,-0.2859514519151681,0.4126699075427214,-0.6452034966147738,-0.8990258468976444
1964,-0.3444345891440245,0.43097810350730203,-0.6452034966147738,-0.8944473601875821
1965,-0.4285051947516123,0.5752505916195723,-0.5928055948340344,-0.8898688734775169
1966,-0.4187518247145599,0.5061819798547726,-0.5578736603135411,-0.8830023723164327
1967,-0.30957948597825136,-0.41625103141822384,-0.48800979127255445,-0.8807135385960723
1968,-0.21014020497237634,-1.0351639304907936,-0.4705438240123077,-0.8733876321522331
1969,-0.10962408715336337,-1.198796661262695,-0.36574802045082805,-0.8730214187569744
1970,0.021804634026796884,-1.4800978725896488,-0.2958841514098418,-0.8715565651759448
1971,0.05858789019647316,-1.701707992510925,-0.2958841514098413,-0.8671610213096419
1972,0.09277286787756485,-1.566885266254327,-0.2085543151086084,-0.8642306587321057
1973,0.14020881981187752,-1.788739189265987,-0.09939201973206702,-0.861483648633001
1974,0.21767975179567745,-2.0997622745947324,0.0010372920143509733,-0.8625824526726417
1975,0.2476615895707236,-1.8432925228462547,0.05343519379509069,-0.8642306587321057
1976,0.19589483248195058,-1.4694492367853182,0.14076503009632338,-0.8825446055723607
1977,0.05119676856642941,-1.017356927849414,0.14076503009632338,-0.895820865237133
1978,-0.14122347257002493,0.33926661461566643,0.14076503009632338,-0.9090971249019053
1979,-0.45488820065018143,1.4316960191933272,0.14076503009632338,-0.9156894575781511
1980,-0.645268333961045,2.127834216939831,0.0752676528703996,-0.9200843460289826
1981,-0.7810838593797047,2.2162778067158735,0.05343519379509069,-0.9222832649392098
1982,-0.8497073623009713,1.899591657844947,0.05343519379509069,-0.9204520341090543
1983,-0.8636366593291599,-0.024969174348432207,0.08254513922883484,-0.9109281918781965
1984,-0.7465155711997945,-1.3163445798499789,0.1931629318770636,-0.9065326480118936
1985,-0.6135883909482232,-1.6579418453138322,0.31542470269878975,-0.9036022854343574
1986,-0.48410552967234016,-1.6239090102385383,0.40275453900002295,-0.8926142450379415
1987,-0.40878353819723556,-1.4959686500284544,0.49008437530125665,-0.8926142450379415
1988,-0.2625858709683414,-1.231132050810486,0.5774142116024898,-0.8852907964021238
1989,-0.16480560297748167,-0.9320713918405433,0.5948801788627356,-0.8847415582361706
1990,-0.04756648254296532,-0.1855516873354297,0.6647440479037225,-0.8825446055723607
1991,-0.005297520154372451,0.4684969878810065,0.6298121133832291,-0.8836430819042671
1992,0.04231691674672684,0.7526615459428021,0.5075503425615029,-0.8852907964021238
1993,0.056716721572296624,0.9310570896695821,0.36782260447952997,-0.8816276793263357
1994,0.02006823572073554,0.6863765760563413,0.2717597845481734,-0.8761330037126549
1995,0.051275449540708395,0.5885043706110477,0.22809486639755708,-0.8637726871706989
1996,0.2347665793522991,0.5885043706110477,0.14076503009632338,-0.8596525816567127
1997,0.40927984684779484,0.38772850693170546,-0.033894642506142256,-0.8550753238506582
1998,0.48230508548339696,0.1940889070619669,-0.05572710158145067,-0.8539308045818121
1999,0.5030187106146586,0.028994362430726492,-0.07755956065675884,-0.8504972467752652
2000,0.5449852185029602,0.054993550782880686,-0.13869044606762193,-0.8488485491541998
2001,0.5402306303340456,0.20838856112396006,-0.2740516923345334,-0.8477494174068219
2002,0.5511749117556796,0.5860395481586234,-0.2958841514098418,-0.8477494174068219
2003,0.5311678961290729,1.0197545293666759,-0.4705438240123077,-0.8504972467752652
2004,0.46759681987173335,1.3185587549448254,-0.5742480046200221,-0.8504972467752652
2005,0.4208676714877984,1.4571919283088575,-0.6583029720599589,-0.8515949038378301
2006,0.38952445458865625,1.4890444001968248,-0.7761982510666237,-0.8495803205292431
2007,0.3451726156986918,1.4725933178197677,-0.9159259891485962,-0.8477494174068219
2008,0.36253005913312986,1.4239398659326938,-1.008168128741774,-0.8456891598324942
2009,0.35856491744592656,1.3883510447054273,-1.0199940440742328,-0.8450024073077173
2010,0.3779287000419569,1.3560283811431229,-1.0687532026757547,-0.8466506133671783
2011,0.3719302902128014,1.016903090379536,-1.1626327766995799,-0.8477494174068219
2012,0.3196308647773012,0.6010771428156112,-1.2756157524143006,-0.844315859600275
2013,0.34528701934885003,0.5990362751332411,-1.2739783179836521,-0.8431713403314289
2014,0.3333429772731683,0.5805541699927562,-1.272886695029887,-0.8450024073077173
2015,0.29457357525283345,0.5374102086651059,-1.2637898370818417,-0.8486656336194148
2016,0.25720417030878295,0.6793719257282215,-1.365674646099947,-0.8504972467752652
2017,0.2146402227533691,0.922120003229286,-1.3465712444090525,-0.8523266752128734
2018,0.1232192522512815,1.316047621387308,-1.3493003017934657,-0.8569051619229386
2019,0.07501684197530448,1.5961884237743789,-1.3438421870246389,-0.861483648633001
2020,0.013434938539196785,1.7341263851627693,-1.3684037034843606,-0.8669793073698904
2021,-0.12723175659778288,1.658760085053147,-1.5457924334712403,-0.8669793073698904
2022,-0.2213432472196896,1.5679050167112107,-1.518501859627105,-0.8669793073698904
2023,-0.2431516600484221,1.1993091902979887,-1.518501859627105,-0.8569063908269494
2024,-0.17691945446403168,0.4199105148649351,-1.45300448240118,-0.8555330905947303
2025,-0.07595975831311282,0.16435358944395548,-1.4311720233258718,-0.8550753238506582
2026,-0.025801795063955062,-0.0038917510339596976,-1.4311720233258718,-0.8523266752128734
2027,-0.006699237959628229,-0.11392936821646633,-1.4311720233258718,-0.8537009995317658
2028,0.02402537944255826,-0.22396698539900056,-1.4311720233258718,-0.8550753238506582
2029,0.007173609798447988,-0.2045549326126868,-1.3613081542848853,-0.8623995917558173
2030,-0.015546272995202953,0.33265580004896406,-1.3438421870246389,-0.8642306587321057
2031,-0.09438185468666059,0.795627152105402,-1.3438421870246389,-0.8733876321522331
2032,-0.1748339536369577,1.1472394332540208,-1.3438421870246389,-0.8733876321522331
2033,-0.28758494574906396,1.2498422223995893,-1.4311720233258718,-0.8669793073698904
2034,-0.34551532336547847,1.1864386835431235,-1.4311720233258718,-0.8669793073698904
2035,-0.29568703252534395,0.7153717293078701,-1.4093395642505633,-0.8669793073698904
2036,-0.25005258794264146,-0.02747083517989959,-1.3001772688740223,-0.8678944312233652
2037,-0.23205405842231966,-0.13767786950667635,-1.1910149734974809,-0.8688095550768401
2038,-0.22884224114919505,-0.16100125196278733,-1.1691825144221721,-0.8688095550768401
2039,-0.23980836498503438,0.1632099730638478,-1.0818526781209397,-0.8688095550768401
2040,-0.2367330670383072,0.3504771553055485,-1.023632787253451,-0.8688095550768401
2041,-0.22933939770208492,0.7110194422709454,-0.9945228418197063,-0.8688095550768401
2042,-0.2227764552212055,1.187078465718825,-1.0818526781209397,-0.8693589570966604
2043,-0.21589715029830903,1.160506608019705,-1.0818526781209397,-0.8715565651759448
2044,-0.23056706539844626,1.0082770300338355,-1.0818526781209397,-0.8697256620535236
2045,-0.24713011384284175,1.1932535348876878,-1.1400725689884281,-0.8669793073698904
2046,-0.18235213198232583,1.1615836282652172,-1.1691825144221721,-0.861483648633001
2047,-0.16182344440881333,0.9854827806585634,-1.1691825144221721,-0.861483648633001
2048,-0.07607166741991306,0.9162098833372422,-1.3263762197643918,-0.8550753238506582
2049,-0.03064245007242247,0.859455337003939,-1.2565123507234057,-0.8550753238506582
2050,0.05094804190208008,0.8543649428087092,-1.2346798916480972,-0.8550753238506582
2051,0.06826004439432895,0.8211136172001277,-1.239046383463159,-0.8532440930204997
2052,0.06755496414117478,0.6752185659381378,-1.3438421870246389,-0.8504972467752652
2053,0.12045673032506136,0.6204670705838427,-1.3438421870246389,-0.8477494174068219
2054,0.14213971570912598,0.6569139102853092,-1.3787741215451321,-0.8488485491541998
2055,0.16352986384128962,0.8151046077892738,-1.4311720233258718,-0.8504972467752652
2056,0.1451544987854411,0.873009181337467,-1.4835699251066115,-0.8515949038378301
2057,0.11368866667778571,0.7804845689520098,-1.5266890317803454,-0.854388161691212
2058,0.06526858190403828,0.7682260959834323,-1.518501859627105,-0.8550753238506582
2059,0.004322476265717307,0.8054301796634863,-1.518501859627105,-0.8550753238506582
2060,-0.013818204044663938,0.8365619588995936,-1.518501859627105,-0.859652991291382
2061,-0.08302975296527546,0.8767439231838547,-1.518501859627105,-0.8642306587321057
2062,-0.1979138691761426,1.0778573603730013,-1.5676248925465486,-0.8669793073698904
2063,-0.2460509257092099,1.422097372875856,-1.518501859627105,-0.8669793073698904
2064,-0.246074844697996,1.409455589397026,-1.518501859627105,-0.8651468749447015
2065,-0.23833586186883443,1.4038515629453967,-1.518501859627105,-0.8642306587321057
2066,-0.21103573139887838,1.4000069757505742,-1.518501859627105,-0.8596525816567127
2067,-0.13883325290030854,0.9891996490349868,-1.5921864090062703,-0.8589660339492704
2068,-0.0980816296734302,0.7424821511112859,-1.518501859627105,-0.8569063908269494
2069,-0.0854727403842972,0.7418993963754281,-1.518501859627105,-0.8619428490984185
2070,-0.04327920212919574,0.965529200886057,-1.518501859627105,-0.8669793073698904
2071,-0.11001200709414985,1.2796740757075349,-1.6058316959283379,-0.8688095550768401
2072,-0.19187401717346708,1.3579790737818282,-1.6276641550036464,-0.869496307601617
2073,-0.23018851221585077,1.4788946900024864,-1.6931615322295712,-0.8715565651759448
2074,-0.24480814847152862,1.6282173849873876,-1.698619646998398,-0.8715565651759448
2075,-0.27701969828683665,1.6677871623908067,-1.6975280240446329,-0.8715565651759448
2076,-0.281334533193056,1.6155356055541694,-1.6931615322295712,-0.8642306587321057
2077,-0.2758347152844077,1.3057516293387474,-1.6931615322295712,-0.8642306587321057
2078,-0.21247628460167503,0.8768966350097216,-1.658229597709078,-0.8596525816567127
2079,-0.14402583679133038,0.3686609619382932,-1.6058316959283379,-0.858279486241831
2080,-0.062436751790989245,0.04138612335257282,-1.5403343187024132,-0.8569063908269494
2081,-0.0375775395732279,-0.24064850661172751,-1.518501859627105,-0.8591033434907595
2082,-0.0030995243165639137,-0.10242421054985881,-1.518501859627105,-0.8596525816567127
2083,-0.014983447032671751,0.03580008551200554,-1.466103957846365,-0.8623994279019472
2084,-0.04419053201593274,0.21016283141648384,-1.4311720233258718,-0.8642306587321057
2085,-0.100558210971484,0.45707575079980706,-1.4311720233258718,-0.8715565651759448
2086,-0.1399375066617237,0.8128139304014116,-1.4311720233258718,-0.8715565651759448
2087,-0.23071855141426814,1.0037714570664549,-1.4311720233258718,-0.8761330037126549
2088,-0.3004451760113819,1.05503698923802,-1.4311720233258718,-0.877506918396878
2089,-0.33855564584618986,0.9869496179332288,-1.4311720233258718,-0.877506918396878
2090,-0.3551214734818951,0.8047443160245442,-1.3875071051752554,-0.8761330037126549
2091,-0.3434301080424386,0.5464603937132595,-1.3438421870246389,-0.8788813246427053
2092,-0.31824286838118726,0.43635516727037554,-1.3438421870246389,-0.8807135385960723
2093,-0.3301743260211083,0.36329461479458125,-1.2783448097987138,-0.8841464819506095
2094,-0.3571299134737838,0.4301703383231611,-1.2565123507234057,-0.8852907964021238
2095,-0.3824896763323922,0.4970460618517548,-1.1866484816824192,-0.8874884044814082
2096,-0.41754148364602933,0.5441978474512316,-1.1691825144221721,-0.8880378065012285
2097,-0.4342320307448822,0.5913496330507082,-1.110962623554684,-0.8910887655257019
2098,-0.45055896469781115,0.6626318965017147,-1.0818526781209397,-0.8926142450379415
2099,-0.4779838403134367,0.7196034543770122,-1.0818526781209397,-0.8898688734775169
2100,-0.5011246144407859,0.7551089538887675,-1.0818526781209397,-0.8898688734775169
2101,-0.45671015128927234,0.6665320761594559,-1.0381877599703229,-0.8898688734775169
2102,-0.4299780531426993,0.5469346041198743,-0.9945228418197063,-0.8898688734775169
2103,-0.41048541277315115,0.3959427956698976,-0.9421249400389664,-0.8898688734775169
2104,-0.3942155008676459,0.24495098721993475,-0.9071930055184732,-0.8915160964137723
2105,-0.3796100218453737,0.20244619568974068,-0.8547951037377337,-0.8926142450379415
2106,-0.40027870484609435,0.1896588575558325,-0.8198631692172402,-0.8960496462005032
2107,-0.39920802904168623,0.295741333007068,-0.8198631692172402,-0.8971947799213561
2108,-0.4473544879460433,0.4139517396073193,-0.8198631692172402,-0.8986596335023884
2109,-0.4581557262811964,0.5806738708036199,-0.9071930055184732,-0.8990258468976444
2110,-0.4664569217742648,0.7266732081677426,-0.8023972019569935,-0.8990258468976444
2111,-0.4582681558015,0.8588573496437473,-0.7325333329160073,-0.8995749212097305
2112,-0.44537530291492017,0.7522435977878145,-0.7325333329160073,-0.9017712184580691
2113,-0.44096746731625885,0.48643125037726576,-0.7325333329160073,-0.901222144145983
2114,-0.45033570139790186,0.34318487856857494,-0.7325333329160073,-0.8990258468976444
2115,-0.4291330673511639,0.23058000066033482,-0.7325333329160073,-0.8986596335023884
2116,-0.39056698700851816,0.21254928858984976,-0.7107008738406988,-0.8971947799213561
2117,-0.358616929783142,0.21816211797880697,-0.6452034966147738,-0.8971947799213561
2118,-0.32361120889907946,0.1875661697106219,-0.6452034966147738,-0.8971947799213561
2119,-0.30439149669040827,0.1697661328718204,-0.6452034966147738,-0.8955465738618921
2120,-0.2922165670301312,0.20314974175062214,-0.5928055948340344,-0.8944477698222514
2121,-0.26554189671483064,0.27632656954644025,-0.5578736603135411,-0.8960959758817153
2122,-0.23283850948229268,0.5086762730104342,-0.5578736603135411,-0.8971947799213561
2123,-0.2362237723548165,0.6442461964149804,-0.6277375293545273,-0.8971947799213561
2124,-0.24913245166751255,0.6346464497303551,-0.6452034966147738,-0.8971947799213561
2125,-0.24646318155172406,0.520338634027198,-0.6452034966147738,-0.8971947799213561
2126,-0.24008734137983143,0.39552484751492384,-0.6452034966147738,-0.8960959758817153
2127,-0.2250259162647712,0.33339524678468585,-0.6452034966147738,-0.8958212748718052
2128,-0.2006677733035838,0.3231769502264614,-0.6452034966147738,-0.8971947799213561
2129,-0.21169848343150494,0.39082560992627813,-0.6452034966147738,-0.8951345223470283
2130,-0.19055074098138566,0.43092385062180005,-0.6452034966147738,-0.8944477698222514
2131,-0.16361160284159237,0.4526551453144772,-0.6452034966147738,-0.8944477698222514
2132,-0.1517251007441956,0.22069391930223373,-0.6452034966147738,-0.8938365948941481
2133,-0.1462326400220033,0.06675504052870378,-0.6452034966147738,-0.8926142450379415
2134,-0.1334189285117129,0.029849682613258117,-0.6452034966147738,-0.8905552163676245
2135,-0.11390646637171367,-0.007055675302173748,-0.6452034966147738,-0.8898688734775169
2136,-0.09267347352941635,-0.043961033217619426,-0.6452034966147738,-0.886206411817203
2137,-0.06573445210241789,-0.1745051460707122,-0.5753396275737874,-0.8852907964021238
2138,-0.0421736516001734,-0.3284589476582617,-0.5578736603135411,-0.8852907964021238
2139,0.012551544964111079,-0.3591932582617338,-0.5578736603135411,-0.8852907964021238
2140,0.02361342494163511,-0.3071129798724311,-0.5578736603135411,-0.8898688734775169
2141,0.023095039073412343,-0.046993836496036966,-0.5578736603135411,-0.8898688734775169
2142,-0.039187871367866556,0.23828391040160526,-0.6015385784641573,-0.8898688734775169
2143,-0.06324789315508476,0.5612995625810852,-0.6452034966147738,-0.8919279021478339
2144,-0.07288227692397695,0.6948219418994585,-0.6452034966147738,-0.8926142450379415
2145,-0.08536828352044737,0.6559708477817604,-0.6452034966147738,-0.8889530942085706
2146,-0.12111883296898485,0.4134905900805454,-0.6452034966147738,-0.8866645062690123
2147,-0.0822806259884409,0.23487200671336828,-0.6452034966147738,-0.8825446055723607
2148,-0.0018246141347062327,0.15204593484725512,-0.6976013983955136,-0.8797967762039145
2149,0.04356176570784629,0.07231589431376464,-0.6670359556900822,-0.8779648899582847
2150,0.10662066113695065,-0.006640138386552848,-0.6452034966147738,-0.8801638088685148
2151,0.0886966920870845,0.1641624126093274,-0.5753396275737874,-0.8807135385960723
2152,0.07687093514671337,0.357958542100562,-0.6452034966147738,-0.8807135385960723
2153,0.06578998161621315,0.3939704018769887,-0.7325333329160073,-0.8807135385960723
2154,0.056401970851212686,0.4231837722902087,-0.7325333329160073,-0.8807135385960723
2155,0.04660318583985503,0.42520318525056106,-0.7325333329160073,-0.8790643494133997
2156,0.03974568572053683,0.41185998946629765,-0.7325333329160073,-0.8779648899582847
2157,0.05815538026105666,0.3882750545189756,-0.7325333329160073,-0.8764993809617808
2158,0.07464276405776908,0.36958794951279966,-0.7499993001762537,-0.8761330037126549
2159,0.09109177987884022,0.35007566481600993,-0.8198631692172402,-0.8761330037126549
2160,0.09049882323861637,0.32932561058334114,-0.8198631692172402,-0.8743024282979709
2161,0.0851216953031552,0.2887776737479887,-0.8198631692172402,-0.8715565651759448
2162,0.08855187005791587,0.23503114851083803,-0.8198631692172402,-0.8741198950888808
2163,0.13122829535970115,0.18999582825577416,-0.8198631692172402,-0.8779648899582847
2164,0.08797924912394246,0.1507679779887635,-0.8198631692172402,-0.8801638088685148
2165,0.03315328881130467,0.12676409020340515,-0.8198631692172402,-0.8807135385960723
2166,-0.006602879705483641,0.10276020241803296,-0.8198631692172402,-0.8821783921771018
2167,-0.04054505191327248,0.22082653746679418,-0.8198631692172402,-0.8825446055723607
2168,-0.06917679751897383,0.3388928725155415,-0.8198631692172402,-0.8847415582361706
2169,-0.1195809067670659,0.4928354351269674,-0.8198631692172402,-0.886206411817203
2170,-0.14108601443330643,0.6104763693195092,-0.8198631692172402,-0.8898688734775169
2171,-0.1830684529046201,0.6736648608836903,-0.8198631692172402,-0.889502660082261
2172,-0.22133885294018207,0.7111550068101048,-0.8198631692172402,-0.8880378065012285
2173,-0.20504109176394664,0.7100976342798561,-0.8198631692172402,-0.8858405261296814
2174,-0.19432766197137744,0.4132608525530508,-0.7761982510666237,-0.8825446055723607
2175,-0.11371724148789518,0.042479218527127056,-0.7325333329160073,-0.8786976444565366
2176,-0.09006715469928993,-0.14277094285675326,-0.7325333329160073,-0.8761330037126549
2177,0.005782421142328885,-0.3053634917621721,-0.7325333329160073,-0.8739367064643163
2178,0.039435401989034266,-0.37732559075373134,-0.6452034966147738,-0.8733876321522331
2179,0.07320730284299141,-0.4341263525080088,-0.6452034966147738,-0.8761330037126549
2180,0.05366415922081531,-0.46818510840637717,-0.6452034966147738,-0.8772781374335078
2181,0.027012387556240042,-0.38645615044708226,-0.6452034966147738,-0.8852912060367931
2182,-0.043697797559574085,-0.20352345799944038,-0.6452034966147738,-0.8898688734775169
2183,-0.19412365782346971,0.2684364585438295,-0.7150673656557603,-0.8884040198964874
2184,-0.23043692101618662,0.5021036364001916,-0.6626694638750206,-0.8880378065012285
2185,-0.2194915536519142,0.37833170622617107,-0.6452034966147738,-0.8852907964021238
2186,-0.18508486475132538,0.07775909492774292,-0.7034233874822626,-0.8843753994588694
2187,-0.15749013520846183,-0.19340199375184852,-0.5142087421629243,-0.8825446055723607
2188,-0.10665933876633224,-0.35414554308154234,-0.4923762830876161,-0.8779648899582847
2189,-0.05090383278738638,-0.43929673861202895,-0.5578736603135411,-0.8749133847542494
2190,-0.011861833511202464,-0.4738274084985716,-0.4705438240123077,-0.8718616064604345
2191,0.048549773758021525,-0.4785207136729333,-0.4705438240123077,-0.8688095550768401
2192,0.12985360812344718,-0.4890784974229679,-0.5287637148797968,-0.8669793073698904
2193,0.16733775001971926,-0.49382562490438614,-0.4705438240123077,-0.8669793073698904
2194,0.16981548559395268,-0.5195378087943423,-0.4705438240123077,-0.8669793073698904
2195,0.16052016761649085,-0.5766975772971329,-0.4705438240123077,-0.8649178208915518
2196,0.15068194966091292,-0.5931348972788055,-0.4705438240123077,-0.8642306587321057
2197,0.16436809427346527,-0.5824239182463947,-0.4705438240123077,-0.861483648633001
2198,0.17055072483264366,-0.571712939213984,-0.4705438240123077,-0.861483648633001
2199,0.19140776801520848,-0.5610019601815871,-0.4705438240123077,-0.8642306587321057
2200,0.19675846007473133,-0.5152356219529224,-0.5578736603135411,-0.8642306587321057
2201,0.17069282451448614,-0.460705443925201,-0.3832139877110748,-0.8642306587321057
2202,0.13025048184747667,-0.393243789233194,-0.2958841514098418,-0.8653753828182893
2203,0.11219465016902329,-0.32254926537511897,-0.33954906956045816,-0.8688095550768401
2204,0.0763009578003338,-0.251854741517044,-0.3832139877110748,-0.8688095550768401
2205,0.021113222867914293,-0.23642883773936343,-0.3832139877110748,-0.8688095550768401
2206,-0.0014913964247448524,-0.25784868068193195,-0.3832139877110748,-0.8688095550768401
2207,-0.011294547236545629,-0.27926852362450044,-0.2958841514098418,-0.8688095550768401
2208,-0.01731713767377767,-0.3006883665670828,-0.3832139877110748,-0.8642306587321057
2209,-0.021782601598599488,-0.2583470034821031,-0.2958841514098418,-0.8642306587321057
2210,0.003886799675341356,-0.21600564039712336,-0.2085543151086084,-0.8642306587321057
2211,0.0375130790888331,-0.24290301540924134,-0.2085543151086084,-0.8642306587321057
2212,0.04742058175413205,-0.26980039042137316,-0.2085543151086084,-0.8569063908269465
2213,0.04399171680799139,-0.7397057300970463,-0.2085543151086084,-0.8550753238506582
2214,0.15071794514224884,-1.0853592359880493,-0.12122447880737569,-0.8550753238506582
2215,0.18220965667120004,-1.2446349912020538,-0.06882657702663549,-0.8605685247795261
2216,0.18455066135212672,-1.1597607054610597,-0.033894642506142256,-0.8642306587321057
2217,0.06261139969525265,-0.9121197257500707,-0.1648893969579918,-0.8676648309906565
2218,-0.006046296222348626,-0.6644787460390817,-0.13869044606762193,-0.8688095550768401
2219,-0.07469541777316809,-0.4168377663280928,-0.033894642506142256,-0.8688095550768401
2220,-0.09640299081616059,0.08429010895386498,-0.12122447880737569,-0.8688095550768401
2221,-0.10560244134959418,0.5854179842358367,-0.2085543151086084,-0.8669793073698904
2222,-0.10285142689110968,0.44145192445834835,-0.2085543151086084,-0.8669793073698904
2223,-0.08229014846832339,0.29748586468087407,-0.23038677418391706,-0.8688095550768401
2224,-0.09374353991611502,0.1535198049033859,-0.25221923325922496,-0.8665201069044729
2225,-0.10468790249451825,-0.08119324802348002,-0.2085543151086084,-0.8642306587321057
2226,-0.050937013920892435,-0.3385930492376904,-0.14305693788268362,-0.8607971009255616
2227,-0.011302765529429675,-0.1643508653009943,-0.2085543151086084,-0.8596525816567127
2228,0.04457469935544989,0.00989131863568799,-0.2085543151086084,-0.8550753238506582
2229,0.08934168294360706,0.1841335025723841,-0.2085543151086084,-0.8523284776054235
2230,0.18213034048254453,0.06482796272622196,-0.2958841514098418,-0.8504972467752652
2231,0.19905345309075914,-0.09784691627235076,-0.31771661048515,-0.8495808940177795
2232,0.20552503256801538,-0.21549540758097155,-0.3832139877110748,-0.8550753238506582
2233,0.18146845052657176,-0.14734421018748306,-0.3832139877110748,-0.8550753238506582
2234,0.10409105257558475,0.044673446340749746,-0.44871136493699953,-0.8640033114900838
2235,0.06346431624956955,1.1204995542728196,-0.4705438240123077,-0.8807135385960723
2236,-0.21141432430377446,1.9159984193462292,-0.5578736603135411,-0.87933921427718
2237,-0.35540010145047757,2.4321138695373135,-0.5578736603135411,-0.8779648899582847
2238,-0.36963078686893747,2.5782349744888884,-0.6752231278433227,-0.861483648633001
2239,-0.13469663757481387,1.783147551051565,-0.7598239067601423,-0.8532430279703591
2240,0.04407334014320131,0.7527579955170279,-0.8689862021366835,-0.8450024073077173
2241,0.2201719041109317,-1.101261168170273,-0.7325333329160073,-0.8239430889070375
2242,0.5212652863837145,-1.640903425217071,-0.6452034966147738,-0.8216540503693396
2243,0.6210423550475086,-1.3042944111701866,-0.6452034966147738,-0.8193650118316446
2244,0.6705364415122598,-0.6586850736984651,-0.6452034966147738,-0.8193650118316446
2245,0.6473759888658621,-0.3054626204912452,-0.7325333329160068,-0.8184498879781725
2246,0.6077228170214948,-0.2052471494573469,-0.7325333329160073,-0.8175347641246976
2247,0.5790300038575087,-0.3373612490781048,-0.8722610709979799,-0.8189989622902557
2248,0.5640204189130229,-0.4385943085675116,-0.9071930055184732,-0.8193650118316446
2249,0.5295068556216307,-0.4935058078599056,-0.8460621201076103,-0.8215626199109288
2250,0.4807110603780352,-0.6937324377326339,-0.9071930055184732,-0.8221120219307492
2251,0.4233550751047404,-1.1119317634758774,-0.8198631692172402,-0.8239430889070375
2252,0.3738679611593414,-1.1298798236195595,-0.8023972019569935,-0.8250418929466783
2253,0.3275250522231744,-1.0477650673633474,-0.7150673656557603,-0.8294371091052469
2254,0.2883231753668714,-0.9284786452006468,-0.6277375293545273,-0.8303528883741932
2255,0.22074177615897125,-0.7998993065613169,-0.5797061193888491,-0.8340160054499814
2256,0.15910175788412872,-0.7289485885217116,-0.5753396275737874,-0.8347477768250248
2257,0.08223425901198254,-0.6724050256320272,-0.4705438240123077,-0.8358454338875897
2258,0.027796510222365595,-0.6724050256320272,-0.40504644678638296,-0.8379063059139243
2259,-0.02207981241277359,-0.7216095373671674,-0.4705438240123077,-0.8385932632560329
2260,-0.067487124538025,-0.8036170569257158,-0.4705438240123077,-0.8404259687710042
2261,-0.08965623469035137,-0.8856245764842643,-0.3832139877110748,-0.8404259687710042
2262,-0.11597889933235686,-0.9676320960428131,-0.3832139877110748,-0.8431713403314289
2263,-0.1317279854444447,-1.0063616763877163,-0.12122447880737569,-0.8431713403314289
2264,-0.16381972218560226,-1.0342717719292052,-0.2085543151086084,-0.8385932632560329
2265,-0.16184351238903982,-0.8618419180434925,-0.05136060976638899,-0.8380436973823455
2266,-0.1120274148398566,-0.6393270768009727,-0.12122447880737569,-0.8358454338875897
2267,-0.07516402124008267,-0.41681223555845287,-0.07755956065675836,-0.8349307196687841
2268,-0.045543624040814246,-0.3397745565219562,-0.08629254428688221,-0.8340160054499814
2269,-0.020517084114281693,-0.4809526207944735,0.009770275644474342,-0.8319557478756536
2270,-0.009690846554933857,-0.6614660364219566,-0.0047846970723976106,-0.8312689953508767
2271,0.018408801084318072,-0.8682030196194079,-0.033894642506142256,-0.8312689953508767
2272,0.03527216672952726,-0.859541312022991,-0.033894642506142256,-0.8312689953508767
2273,0.033158794801579426,-0.7749228855691868,-0.033894642506142256,-0.8340160054499814
2274,0.029197873608818307,-0.6018762744796596,-0.05572710158145067,-0.8333292529252045
2275,-0.014633766826131822,-0.4911896714365736,-0.08629254428688221,-0.8312689953508767
2276,-0.022086105144304414,-0.47404308046316285,0.009770275644474342,-0.8326425004004305
2277,0.0011619166265007272,-0.3823650810070146,-0.012062183430834079,-0.8340160054499814
2278,-0.016340175565691173,-0.24099947589571272,-0.033894642506142256,-0.8340160054499814
2279,-0.04122995931590212,-0.14345144818601444,-0.033894642506142256,-0.8340160054499814
2280,-0.05026598612360605,-0.06493184980906584,-0.033894642506142256,-0.8340160054499814
2281,-0.05530255811064096,-0.018708391361512252,-0.05572710158145067,-0.8333292529252045
2282,-0.05776929414607879,-0.004609272039270912,-0.1648893969579918,-0.8312689953508767
2283,-0.05152701378943466,-0.11900750921823713,-0.15615641332786842,-0.8301698636034989
2284,-0.013795387606545584,-0.1879056597563708,-0.05572710158145067,-0.8294371091052469
2285,0.01043957958228264,-0.22647041920057917,-0.12122447880737569,-0.8266900990061422
2286,0.03518678569891742,-0.3228530145550539,-0.12122447880737569,-0.8266900990061422
2287,0.05435745661825409,-0.398333915512943,-0.2085543151086084,-0.8266900990061422
2288,0.0544871619149983,-0.39020803888444855,-0.19108834784836215,-0.8257744835910631
2289,0.050260047089340426,-0.3157773666236815,-0.13869044606762193,-0.8230276373458284
2290,0.08690034949063892,0.023872488166120785,-0.25221923325922496,-0.8266900990061422
2291,0.06408957950488998,0.2325331045384069,-0.33954906956045816,-0.8266900990061422
2292,0.032225543318569264,0.24470986328437025,-0.2958841514098418,-0.8266900990061422
2293,0.0212268397768165,0.19803630682375847,-0.2958841514098418,-0.8239430889070375
2294,0.026869143118787082,0.13665017156150627,-0.3832139877110748,-0.8239430889070375
2295,0.04640061580397356,0.07526403629926787,-0.5578736603135411,-0.8266900990061422
2296,0.035514869986392715,-0.005598482984919945,-0.4705438240123077,-0.8266900990061422
2297,0.0067175580648846,-0.16436653835680876,-0.4705438240123077,-0.8239430889070375
2298,0.006416894492458093,-0.2802145331983632,-0.3832139877110748,-0.8239430889070375
2299,0.023436430131844332,-0.22438228591859377,-0.5578736603135411,-0.8239430889070375
2300,0.026667170401293037,-0.1706773545603459,-0.645203496614774,-0.8239430889070375
2301,0.022326201873882175,-0.12548168688812888,-0.5578736603135411,-0.8239430889070375
2302,0.016737157405002503,-0.06325965531594294,-0.5142087421629243,-0.8253165939565913
2303,0.010467113814076764,0.010313285522925788,-0.5360412012382327,-0.8266900990061422
2304,-0.010175953553385308,0.0672357574542057,-0.6452034966147738,-0.8266900990061422
2305,-0.04173473944007586,0.07483202258137697,-0.6452034966147738,-0.8255912949665015
2306,-0.05456322893032602,0.04954414983913789,-0.6452034966147738,-0.8239430889070375
2307,-0.05986917418915655,-0.07504803229426109,-0.6452034966147738,-0.8193650118316446
2308,-0.005596912156601696,-0.30970908256843604,-0.7034233874822629,-0.8187549292626622
2309,0.05350290066295372,-0.5560079190616882,-0.6452034966147738,-0.8175347641246976
2310,0.08283957037207575,-0.5553409187224397,-0.6452034966147738,-0.8193650118316446
2311,0.08551498717145355,-0.43367062826980296,-0.6452034966147738,-0.8213794312863644
2312,0.05797433474683054,-0.23133147774154195,-0.6626694638750206,-0.8294371091052469
2313,0.0429592537426468,-0.10727381570388311,-0.7107008738406986,-0.8305818331914305
2314,-0.10572277603576567,-0.03540381265994245,-0.6452034966147738,-0.8340160054499814
2315,-0.17222194998059356,0.14963469549161057,-0.6976013983955138,-0.8340160054499814
2316,-0.22422281952263787,0.33467320364317743,-0.7390830706385995,-0.8340160054499814
2317,-0.24042638919349812,0.23609370132023275,-0.7892977265118084,-0.8351136625125464
2318,-0.24093317811892953,0.10957329317513168,-0.7543657919913151,-0.8358454338875897
2319,-0.24946183857249998,-0.12871073825855364,-0.6626694638750206,-0.8321842830582187
2320,-0.25767302025043215,-0.45640080086985524,-0.7150673656557603,-0.8312689953508767
2321,-0.22176446797453617,-0.9181999102475812,-0.6626694638750206,-0.8276058782750886
2322,-0.18270368062087342,-1.1031836454237676,-0.6452034966147738,-0.8266900990061422
2323,-0.13230768431025366,-1.1036237977989272,-0.7325333329160068,-0.8312689953508767
2324,-0.09069241254416079,-1.0032431401544208,-0.7325333329160068,-0.8312689953508767
2325,-0.1179078323144519,-0.83564860916347,-0.5578736603135411,-0.8404259687710042
2326,-0.1433715081122565,-0.540161942749562,-0.5753396275737874,-0.8409750430830903
2327,-0.2420365259721867,-0.21270224247989034,-0.6452034966147738,-0.8431713403314289
2328,-0.31236210504862966,0.09723243619524553,-0.6452034966147738,-0.8411123116611118
2329,-0.3472467705093478,0.3005166585931665,-0.6452034966147738,-0.8404259687710042
2330,-0.34283366913760044,0.34382519657523747,-0.7150673656557603,-0.8367615408642732
2331,-0.3029939223320289,0.026941794929240998,-0.7434495624536611,-0.8358454338875897
2332,-0.25053786261942457,-0.5300695664688005,-0.7980307101419315,-0.8358454338875897
2333,-0.20051410210464665,-0.9188969828111889,-0.6888684147653904,-0.8372193485718128
2334,-0.18004388221918574,-1.1373241232568565,-0.5928055948340344,-0.8385932632560329
2335,-0.2075016485846007,-1.1001508498574564,-0.5578736603135411,-0.8420268210625799
2336,-0.2266492172193479,-0.9026381967727484,-0.5578736603135411,-0.8431713403314289
2337,-0.27568700482760267,-0.598232623897803,-0.5578736603135411,-0.8504972467752652
2338,-0.3065785757442154,-0.2331495522157007,-0.5578736603135411,-0.8504972467752652
2339,-0.38655312900149325,0.14710289416819763,-0.5578736603135411,-0.8550753238506582
2340,-0.4282119448671918,0.221213675341114,-0.6277375293545276,-0.8563569888071291
2341,-0.46706618310623554,0.21878904021127454,-0.5797061193888491,-0.861483648633001
2342,-0.5152177613933036,0.21114842550309665,-0.6015385784641573,-0.861483648633001
2343,-0.5536371705651978,0.08733860442491799,-0.6233710375394657,-0.861483648633001
2344,-0.5432139746728869,-0.21072502620827568,-0.6277375293545273,-0.861483648633001
2345,-0.5233175836560139,-0.3033835963357101,-0.5578736603135411,-0.861483648633001
2346,-0.5043846750187511,-0.3881252639121439,-0.5578736603135411,-0.861483648633001
2347,-0.4854757675543446,-0.4411993212845476,-0.5578736603135411,-0.8621704011577779
2348,-0.4623785464184586,-0.48117996621943626,-0.49965376944605233,-0.8642306587321057
2349,-0.4738013046386762,-0.5015204924980522,-0.4705438240123077,-0.8642306587321057
2350,-0.4639489721397525,-0.4757051611467728,-0.4705438240123077,-0.8665201069044729
2351,-0.44621192390905295,-0.425535451146648,-0.4705438240123077,-0.8688095550768401
2352,-0.4829531514876245,-0.33883417317325487,-0.4705438240123077,-0.8730820446881815
2353,-0.49789815345021804,-0.479185526809559,-0.4705438240123077,-0.8761330037126549
2354,-0.5638484385667089,-0.5489047904639759,-0.4705438240123077,-0.8807135385960723
2355,-0.6271561291468878,-0.5694313266357357,-0.4705438240123077,-0.8807135385960723
2356,-0.6277811218796436,-0.5815391928286906,-0.40504644678638296,-0.8807135385960723
2357,-0.6007254410780463,-0.6207241287762165,-0.2958841514098418,-0.8852907964021238
2358,-0.634154650624558,-0.6250827309638318,-0.2958841514098418,-0.8880378065012285
2359,-0.6455586363480268,-0.5905464635573595,-0.2085543151086084,-0.8884955732453006
2360,-0.639791279327693,-0.5113523209706652,-0.2085543151086084,-0.8898688734775169
2361,-0.6383082592187483,-0.43377155585996985,-0.2085543151086084,-0.8933030457360678
2362,-0.6119002145734375,-0.38217017249243795,-0.2085543151086084,-0.8944477698222514
2363,-0.6317780824993882,-0.43018397616154375,-0.2085543151086084,-0.8944477698222514
2364,-0.6315213257665058,-0.4828725701313985,-0.2085543151086084,-0.8930726262340175
2365,-0.6096832536199669,-0.5386776909684238,-0.2085543151086084,-0.8926142450379415
2366,-0.5719262166647361,-0.7373638138728835,-0.12122447880737569,-0.8944477698222514
2367,-0.5337664577898652,-0.8888753783617404,-0.2085543151086084,-0.8944477698222514
2368,-0.5177843733323105,-0.8516887091881317,-0.12122447880737569,-0.8926142450379415
2369,-0.507423753760841,-0.8519820766430728,-0.09939201973206702,-0.8926142450379415
2370,-0.4638398762107994,-0.908495499040812,-0.07755956065675884,-0.8926142450379415
2371,-0.43412257183628544,-0.9650089214385371,-0.12122447880737569,-0.8939893886261725
2372,-0.4133344890787994,-1.0162206313030735,-0.12122447880737569,-0.8944477698222514
2373,-0.4072585203162143,-1.0462254910347715,-0.08629254428688221,-0.8971947799213561
2374,-0.40581696806331335,-1.0066781515531378,-0.033894642506142256,-0.9003985326778567
2375,-0.4274562520680095,-0.9207626792626119,0.03160273471978252,-0.9036022854343574
2376,-0.5065855746937092,-0.8610979009847984,-0.033894642506142256,-0.9063501148028036
2377,-0.5232704990324192,-0.795290825342862,-0.033894642506142256,-0.9063501148028036
2378,-0.5503819451500339,-0.7049145602444077,-0.033894642506142256,-0.9109281918781965
2379,-0.5693683487683712,-0.6460823293329998,-0.033894642506142256,-0.912759258854485
2380,-0.5913931899218368,-0.6082794545462987,-0.033894642506142256,-0.9182524597833528
2381,-0.6383096477871041,-0.6011261111245764,0.018503259274597464,-0.9193515915307306
2382,-0.6777205974938507,-0.6016351505440952,0.05343519379509069,-0.9200843460289826
2383,-0.688265310238819,-0.5103295536106551,0.05343519379509069,-0.9222832649392098
2384,-0.6789009422328134,-0.43605534399252444,0.05343519379509069,-0.9228329946667673
2385,-0.6881969262436781,-0.42990668363564466,0.05343519379509069,-0.925578366227192
2386,-0.7046857902097394,-0.4401511773951343,0.05343519379509069,-0.9283252124724266
2387,-0.6869486101420922,-0.45449395968369555,0.05343519379509069,-0.930156443302585
2388,-0.6995332042784194,-0.4546040547676569,0.05343519379509069,-0.9319883295482148
2389,-0.7027124593668155,-0.46021596233599965,0.05343519379509069,-0.9319883295482148
2390,-0.7015381026505296,-0.47408058863091423,0.05343519379509069,-0.930522820551711
2391,-0.6921224346629915,-0.49664014404225254,0.05343519379509069,-0.930156443302585
2392,-0.6573167001530995,-0.5322420931282197,0.05343519379509069,-0.930156443302585
2393,-0.6188165793755231,-0.5646092306608673,0.05343519379509069,-0.930156443302585
2394,-0.5893279350548666,-0.5921241508635219,0.05343519379509069,-0.9316219522990888
2395,-0.5603902099371265,-0.591194484134182,0.05343519379509069,-0.9319883295482148
2396,-0.5595109687977997,-0.557646107232763,-0.033894642506142256,-0.9347337011086365
2397,-0.5726296044396931,-0.469475121461647,-0.033894642506142256,-0.9361082302448636
2398,-0.5728860952157915,-0.5147421216314708,-0.033894642506142256,-0.9365664066236078
2399,-0.5624786869404536,-0.7277456479987368,-0.033894642506142256,-0.9365664066236078
2400,-0.5437363700108296,-0.8110673635101737,-0.033894642506142256,-0.9393137444304468
2401,-0.532676846832736,-0.8660697425783845,-0.033894642506142256,-0.9411453029683423
2402,-0.5609115942397881,-0.878593116981715,-0.033894642506142256,-0.9411453029683423
2403,-0.5540146180296145,-0.8572425971706281,-0.033894642506142256,-0.9416943772804255
2404,-0.5361497872669815,-0.8274236038059164,-0.012062183430834079,-0.9438906745287641
2405,-0.5400845550915477,-0.708723648637604,0.05343519379509069,-0.9457222330666596
2406,-0.5376323331053541,-0.580700234627489,0.05343519379509069,-0.9484695708734986
2407,-0.5688089354993598,-0.41538298525019185,0.05343519379509069,-0.9507586094111965
2408,-0.5777343549616932,-0.3140659225121489,0.05343519379509069,-0.9530476479488915
2409,-0.6127377832526305,-0.30874913973296647,0.0010372920143509733,-0.9530476479488915
2410,-0.6216496526163775,-0.3028391920723122,-0.033894642506142256,-0.9530476479488915
2411,-0.6093166829889626,-0.2960394970894084,-0.033894642506142256,-0.9530476479488915
2412,-0.589055864690223,-0.33616573495301744,-0.033894642506142256,-0.9530476479488915
2413,-0.5666007591098461,-0.44668087208636104,-0.033894642506142256,-0.9551079055232193
2414,-0.544078906367061,-0.5129618232405578,-0.033894642506142256,-0.9557946580479962
2415,-0.5437435439952975,-0.5590888321138857,-0.033894642506142256,-0.9570159155450847
2416,-0.5266945784686344,-0.6192191135450777,-0.033894642506142256,-0.957626544293626
2417,-0.5243563646217607,-0.7060739645012423,-0.033894642506142256,-0.957626544293626
2418,-0.501155775900765,-0.7996099578386395,-0.033894642506142256,-0.9557946580479962
2419,-0.4627999138490423,-0.8176773978566239,-0.033894642506142256,-0.9570159155450847
2420,-0.4236054618098365,-0.7225420078954607,-0.033894642506142256,-0.957626544293626
2421,-0.42094440410848694,-0.7034039658404867,-0.033894642506142256,-0.957626544293626
2422,-0.41323032647695473,-0.7042494600554667,-0.033894642506142256,-0.95945711970831
2423,-0.4003887573063103,-0.709031751444157,-0.033894642506142256,-0.962202982830339
2424,-0.39725516003473216,-0.7238789577764828,-0.033894642506142256,-0.9611043426445655
2425,-0.43261744592460516,-0.7538235365243036,-0.033894642506142256,-0.9603719158540478
2426,-0.4201049041036423,-0.837550809099582,-0.033894642506142256,-0.9603719158540478
2427,-0.39473230169622164,-0.9347237551317523,-0.033894642506142256,-0.9603719158540478
2428,-0.37522867948028304,-0.954158344338178,-0.033894642506142256,-0.9603719158540478
2429,-0.3587081986175198,-0.954158344338178,-0.033894642506142256,-0.9603719158540478
2430,-0.3428262982537978,-0.9749703540265229,-0.033894642506142256,-0.9649516314681238
2431,-0.331157803956233,-0.9568043622626559,-0.033894642506142256,-0.966782534590545
2432,-0.3775882594732599,-0.8801713683204856,-0.033894642506142256,-0.9695288892741754
2433,-0.3862872378516335,-0.8035383743783152,-0.033894642506142256,-0.9711770953336393
2434,-0.43769690087464375,-0.7269053804361449,-0.033894642506142256,-0.97227589937328
2435,-0.4459416581696193,-0.6995314683829452,-0.033894642506142256,-0.9733745395590536
2436,-0.472700277800537,-0.7049969442557164,-0.033894642506142256,-0.9741069663495713
2437,-0.49376602400522585,-0.7104624201285015,-0.033894642506142256,-0.9761678383759029
2438,-0.48754366943324495,-0.7159278960012726,-0.033894642506142256,-0.9768547957180145
2439,-0.4818516837661917,-0.8111584547747187,0.05343519379509069,-0.9786858626943028
2440,-0.49195182777559887,-0.9312236382433486,0.05343519379509069,-0.9786858626943028
2441,-0.49712425687947,-1.1506273204926307,0.09710011194570728,-0.9786858626943028
2442,-0.4916284437320778,-1.1532383346776323,0.14076503009632338,-0.9803340687537668
2443,-0.4775468162467436,-1.1016511818465642,0.14076503009632338,-0.9814328727934075
2444,-0.49252117504410636,-1.0055579299358395,0.14076503009632338,-0.9814328727934075
2445,-0.4874168936561741,-0.898338153255187,0.14076503009632338,-0.9814328727934075
2446,-0.4701446477079205,-1.0088934777111294,0.22809486639755708,-0.9841782443538322
2447,-0.4619103183729434,-1.1050885322268331,0.22809486639755708,-0.9846362159152389
2448,-0.4733224899722485,-1.1797431818321862,0.22809486639755708,-0.986010130599462
2449,-0.47530518751629186,-1.1736082521438695,0.22809486639755708,-0.9850941874766456
2450,-0.4755134179800135,-1.1136136029264394,0.22809486639755708,-0.9841782443538322
2451,-0.44464289731448386,-1.1143905578299127,0.31542470269878975,-0.990589846213535
2452,-0.4168120520816378,-1.1178814965859165,0.31542470269878975,-0.990589846213535
2453,-0.4748727965765605,-1.132228370751946,0.31542470269878975,-0.990589846213535
2454,-0.4865509646240637,-1.1532495554543916,0.31542470269878975,-0.9911389205256211
2455,-0.4793137155439276,-1.1842822059614397,0.3328906699590365,-0.9933352177739596
2456,-0.46541686866759674,-1.1330723045264217,0.40275453900002295,-0.9946168827304276
2457,-0.48395983786176117,-0.9584985751783244,0.40275453900002295,-0.9997435425562996
2458,-0.4792974157033231,-0.8374326583711665,0.40275453900002295,-1.0008428381575445
2459,-0.5460061913017218,-0.7520386165912918,0.40275453900002295,-1.0052400205625305
2460,-0.5682800467637811,-0.681097543509098,0.40275453900002295,-1.0052400205625305
2461,-0.6166395259222056,-0.6197917828920432,0.468251916225948,-1.0052400205625305
2462,-0.6137947714142795,-0.7490944933380524,0.49008437530125665,-1.0024913719247457
2463,-0.5913127368535425,-0.8266761196056666,0.49008437530125665,-1.0024913719247457
2464,-0.5411762334916932,-0.8266761196056666,0.49008437530125665,-1.0024913719247457
2465,-0.4966925987476985,-0.9181103159714168,0.5424822770819964,-1.0024913719247457
2466,-0.4728136233307906,-1.0324030614285944,0.5774142116024898,-1.0024913719247457
2467,-0.44953117071496074,-1.1466958068857718,0.5774142116024898,-1.0046902908349729
2468,-0.4399398967713478,-1.2230329657303816,0.5774142116024898,-1.0052400205625305
2469,-0.45223551973141135,-1.1475477781247616,0.5774142116024898,-1.0070710875388216
2470,-0.4531304186482918,-1.049788097182736,0.5774142116024898,-1.0070710875388216
2471,-0.45571901482609883,-0.9186166762360883,0.5774142116024898,-1.0098164590992433
2472,-0.4736618485444293,-0.9539447774238172,0.5774142116024898,-1.0098164590992433
2473,-0.4672093503249058,-1.0182430583126132,0.5774142116024898,-1.0098164590992433
2474,-0.44967248108729324,-1.0635592879526126,0.599246670677798,-1.0098164590992433
2475,-0.4255049967795187,-1.0905345976653436,0.6647440479037225,-1.01103717041677
2476,-0.411007860332222,-1.0547150629327513,0.6647440479037225,-1.0116475260755318
2477,-0.4152827323781881,-0.9315811065049003,0.6647440479037225,-1.0098164590992433
2478,-0.39825471094818404,-0.8601634117767528,0.6647440479037225,-1.0098164590992433
2479,-0.36948242750041077,-0.8232232248483892,0.6647440479037225,-1.0098164590992433
2480,-0.3460134221815624,-0.7607588637209554,0.6647440479037225,-1.0098164590992433
2481,-0.33065037553600307,-0.6812783864607714,0.6647440479037225,-1.0105488858897582
2482,-0.31828730599285193,-0.6800124857990718,0.6298121133832291,-1.0116475260755318
2483,-0.32073997314275965,-0.6787465851373584,0.5774142116024898,-1.0093593068071753
2484,-0.32350652693956744,-0.5933133607179477,0.5774142116024898,-1.0070710875388216
2485,-0.2705362517722664,-0.5458256760804655,0.5774142116024898,-1.003407315047562
2486,-0.22869637241457644,-0.5552563011158413,0.49008437530125665,-1.0024913719247457
2487,-0.15665832455069229,-0.5794999732593474,0.49008437530125665,-1.0024913719247457
2488,-0.12568777602667192,-0.613619010141607,0.4464194571506403,-1.00020274302172
2489,-0.11395070982351399,-0.6907614463837345,0.40275453900002295,-0.9979141141186941
2490,-0.0645007228742951,-0.7973825754838698,0.31542470269878975,-0.9951671040195894
2491,-0.03201181517672223,-0.9236561664893717,0.31542470269878975,-0.9933362008971682
2492,0.008084597616820807,-1.0151091169389976,0.31542470269878975,-0.990589846213535
2493,0.019621414199956427,-1.1205097474835553,0.31542470269878975,-0.9887579599679052
2494,0.07711837768496466,-1.2817010984078667,0.28049276817829627,-0.986010130599462
2495,0.09244781275794811,-1.411524904470187,0.22809486639755708,-0.986010130599462
2496,0.15287981423249924,-1.4158785310845283,0.22809486639755708,-0.986010130599462
2497,0.16323159302382578,-1.4017888557830915,0.22809486639755708,-0.9849109988520841
2498,0.15882054967817155,-1.3600342276079807,0.22809486639755708,-0.9841782443538322
2499,0.15814447440923582,-1.3396974330093132,0.22809486639755708,-0.9841782443538322
2500,0.16101619556522068,-1.3336391941282841,0.22809486639755708,-0.9853229684400158
2501,0.15240265352048585,-1.345092581067554,0.22809486639755708,-0.9887571406985667
2502,0.13923068384132056,-1.3349683898230762,0.22809486639755708,-0.9910461792362617
2503,0.0709593322417852,-1.2385338858435786,0.22809486639755708,-0.9933352177739596
2504,0.026723100313741276,-1.1438183945880407,0.22809486639755708,-0.9887571406985667
2505,-0.03816137349628938,-1.050248911815142,0.22809486639755708,-0.9887571406985667
2506,-0.041086833617309027,-1.0364003604492698,0.22809486639755708,-0.9933352177739596
2507,-0.008320099588270782,-1.042482041935147,0.22809486639755708,-0.9933352177739596
2508,-0.028299824396318004,-1.231327294219417,0.31542470269878975,-0.9951671040195894
2509,-0.09060511073485693,-1.3020251670210476,0.31542470269878975,-0.9988292379721662
2510,-0.11510627743502354,-1.1955019705986984,0.36782260447952997,-1.0024913719247457
2511,-0.21589622059101404,-1.084624477773286,0.40275453900002295,-1.0059261586353005
2512,-0.24806378480704394,-0.970844120679183,0.40275453900002295,-1.0070710875388216
2513,-0.3216344251837596,-0.7956503583539261,0.49008437530125665,-1.0098164590992433
2514,-0.3643201036128472,-0.625592535856164,0.49008437530125665,-1.016224783881586
2515,-0.3865433439606262,-0.4817173281329858,0.49008437530125665,-1.016224783881586
2516,-0.44969780405394655,-0.4288767399680253,0.49008437530125665,-1.016224783881586
2517,-0.4538758196048403,-0.4535609417144484,0.49008437530125665,-1.016224783881586
2518,-0.43979069416001676,-0.49841903587687514,0.5774142116024898,-1.016224783881586
2519,-0.42073420721966726,-0.5464479097919607,0.5774142116024898,-1.014395355443978
2520,-0.3937775590788347,-0.6003813060791601,0.5774142116024898,-1.0107332214913982
2521,-0.36193065655899803,-0.6582510506144491,0.5774142116024898,-1.0070710875388216
2522,-0.2946684191880087,-0.8993857027974755,0.5774142116024898,-1.0056977873066024
2523,-0.21459481118299722,-1.1863365818924296,0.5774142116024898,-1.0052400205625305
2524,-0.1661492988291237,-1.2511185459138767,0.5774142116024898,-1.0024913719247457
2525,-0.14482877744080191,-1.2998336183622583,0.5774142116024898,-1.0024913719247457
2526,-0.10878308553426394,-1.2842811245183925,0.5774142116024898,-1.0052400205625305
2527,-0.08731505204666914,-1.2779154526195184,0.5774142116024898,-1.0061553082698724
2528,-0.10830429347701645,-1.285330013638098,0.5774142116024898,-1.0098164590992433
2529,-0.12274453649495767,-0.9715020445605147,0.5774142116024898,-1.0102742258433155
2530,-0.1953851398131118,-0.17581028033865348,0.5774142116024898,-1.0116475260755318
2531,-0.23248935559623612,-0.1307050341422731,0.5774142116024898,-1.014395355443978
2532,-0.2585684088473996,-0.08757767400623598,0.49008437530125665,-1.014395355443978
2533,-0.27744634918290983,-0.04741714296069149,0.4726184080410099,-1.016224783881586
2534,-0.29505779019128764,-0.2535004123772714,0.40275453900002295,-1.0157674267721835
2535,-0.300705387043468,-0.6237462154352864,0.40275453900002295,-1.014395355443978
2536,-0.268509516407817,-0.6749398410046415,0.468251916225948,-1.0123344834176433
2537,-0.23426619231724907,-0.6968859943470439,0.49008437530125665,-1.0116475260755318
2538,-0.22694547504074214,-0.6749609393490104,0.49008437530125665,-1.014395355443978
2539,-0.2207828723970543,-0.6596797099326547,0.49008437530125665,-1.012197091949222
2540,-0.1878691894835955,-0.5887264969774394,0.49008437530125665,-1.016224783881586
2541,-0.19101553321911124,-0.43426530871390034,0.49008437530125665,-1.016224783881586
2542,-0.23379035939162277,-0.4030618679815607,0.4464194571506403,-1.018973432519371
2543,-0.273786481080825,-0.3066047920975109,0.40275453900002295,-1.018973432519371
2544,-0.279040498420461,-0.3085102110801041,0.40275453900002295,-1.018973432519371
2545,-0.2749701731084833,-0.34569414914003593,0.40275453900002295,-1.014395355443978
2546,-0.23735382814752792,-0.40639709991819345,0.40275453900002295,-1.0137083981018664
2547,-0.15855274698633615,-0.46930633470675187,0.40275453900002295,-1.0116475260755318
2548,-0.12459100777871586,-0.5322155694953103,0.40275453900002295,-1.0132962236966
2549,-0.11288837079402289,-0.5238450864029915,0.468251916225948,-1.014395355443978
2550,-0.10779440213717556,-0.5182165572412847,0.49008437530125665,-1.014395355443978
2551,-0.14549437966264397,-0.5167009589754884,0.40275453900002295,-1.014395355443978
2552,-0.15188871142156346,-0.5693486555721256,0.40275453900002295,-1.014395355443978
2553,-0.15214743612049528,-0.6355371758843467,0.40275453900002295,-1.0151271268190212
2554,-0.15101480231622944,-0.6793614511730478,0.40275453900002295,-1.016224783881586
2555,-0.15829486107857157,-0.723185726461735,0.40275453900002295,-1.016224783881586
2556,-0.17306350116286048,-0.7453423369852057,0.40275453900002295,-1.016224783881586
2557,-0.17562299133852774,-0.7871709768127568,0.40275453900002295,-1.016224783881586
2558,-0.1734126954560849,-0.907687733856671,0.49008437530125665,-1.016224783881586
2559,-0.1706788214699528,-0.994932401841989,0.49008437530125665,-1.016224783881586
2560,-0.16723835418769287,-1.059995677121599,0.49008437530125665,-1.0157674267721835
2561,-0.16310002737893475,-1.0730083321775101,0.519194320735001,-1.014395355443978
2562,-0.15579215478774103,-1.0730083321775101,0.5774142116024898,-1.014395355443978
2563,-0.13279247761096857,-0.9823457324055659,0.6210791297531056,-1.014395355443978
2564,-0.1230594631127803,-0.9049811176799739,0.6647440479037225,-1.0178289132505218
2565,-0.119473436969795,-0.8475634805238681,0.6647440479037225,-1.018973432519371
2566,-0.17463026341507676,-0.780760763964666,0.6647440479037225,-1.018973432519371
2567,-0.19237918039525836,-0.7116117775546829,0.6647440479037225,-1.019339809768497
2568,-0.19523772213705703,-0.6093350415530877,0.6647440479037225,-1.0208053187650008
2569,-0.19392885349736197,-0.5321504660327134,0.6647440479037225,-1.0208053187650008
2570,-0.21314754011732281,-0.5553345324371527,0.6647440479037225,-1.0208053187650008
2571,-0.21720293018669626,-0.5761772554270472,0.6647440479037225,-1.0198893756421843
2572,-0.21385583268325042,-0.5876546047586667,0.6647440479037225,-1.018973432519371
2573,-0.2099940174891235,-0.5948075238069852,0.7302414251296471,-1.020347347203594
2574,-0.1785367303845665,-0.5954737974303381,0.7520738842049552,-1.0208053187650008
2575,-0.17678785465325256,-0.5715669957793046,0.7520738842049552,-1.019278746893643
2576,-0.18701664840774795,-0.5534654774737774,0.7520738842049552,-1.018973432519371
2577,-0.16077498969312784,-0.5831581678246194,0.7520738842049552,-1.018973432519371
2578,-0.15040016554680388,-0.5903184005016356,0.7520738842049552,-1.0167745136091437
2579,-0.12689963193595272,-0.591845518760206,0.7520738842049552,-1.016224783881586
2580,-0.09701217591384534,-0.523039081433287,0.7520738842049552,-1.016224783881586
2581,-0.08816867031597274,-0.45508805997301865,0.7520738842049552,-1.0151271268190212
2582,-0.08638918196017405,-0.38770731575717016,0.6865765069790307,-1.014395355443978
2583,-0.0629724207123655,-0.37479914773999917,0.6647440479037225,-1.0107322383681898
2584,-0.04057965217733367,-0.37550912377248374,0.6647440479037225,-1.0098164590992433
2585,0.01301814759134468,-0.34134487615231285,0.6647440479037225,-1.0098164590992433
2586,0.024763913748818506,-0.30712982027427305,0.6647440479037225,-1.008443773319031
2587,0.023202163868804908,-0.2728385520094714,0.6647440479037225,-1.0070710875388216
2588,0.053275015365175565,-0.22469413954193027,0.5774142116024898,-1.0024913719247457
2589,0.0708419836624421,-0.18618463766628643,0.5774142116024898,-1.0024913719247457
2590,0.11961436500685001,-0.18621477815823195,0.5774142116024898,-1.0024913719247457
2591,0.12780435860416456,-0.1315760943594928,0.49008437530125665,-1.0011174572405226
2592,0.12168719279346245,-0.040491527700338585,0.4245869980753316,-0.9997435425562996
2593,0.14018603599056204,-0.039647593925863,0.40275453900002295,-0.9946168827304276
2594,0.1468939580200781,-0.03880366015138742,0.40275453900002295,-0.9933352177739596
2595,0.2211714550243836,-0.14379591095109864,0.40275453900002295,-0.9887571406985667
2596,0.2603190390292632,-0.20373243207693417,0.40275453900002295,-0.9864676925261994
2597,0.29727660076331736,-0.23363180008681578,0.3372571617740984,-0.9841782443538322
2598,0.3378277534272037,-0.4713498600606606,0.31542470269878975,-0.9768547957180145
2599,0.3541057981313299,-0.6636883953613998,0.28631475726504535,-0.9744128269034052
2600,0.43811608976289895,-0.787957643652529,0.22809486639755708,-0.9695288892741754
2601,0.4662880642351348,-0.8808405929977909,0.22809486639755708,-0.9660959459196381
2602,0.55290370161461,-0.9658769676065692,0.2193618827674337,-0.9649516314681238
2603,0.5948472185092524,-0.9700664959869876,0.2259116204900261,-0.9649516314681238
2604,0.5813728662408573,-0.9294817207725923,0.21717863685990324,-0.9649516314681238
2605,0.5581480531944243,-0.8217354901659619,0.22809486639755708,-0.9649516314681238
2606,0.5310126390058714,-0.7089835266570441,0.22809486639755708,-0.9649516314681238
2607,0.49657057414344813,-0.5887229637946603,0.14076503009632338,-0.9655007057802099
2608,0.46653795517381313,-0.477676014425658,0.13858178418879266,-0.9676970030285456
2609,0.4111639243635946,-0.38044948529670775,0.1320320464662005,-0.9680633802776715
2610,0.3689679243077241,-0.3007028340032139,0.14076503009632338,-0.9695288892741754
2611,0.32133017452535695,-0.23260943460003355,0.14076503009632338,-0.9713601201043337
2612,0.2807860160682863,-0.19727935275141123,0.14076503009632338,-0.9741069663495713
2613,0.23934752370981663,-0.18379148260580921,0.14076503009632338,-0.9730083261637976
2614,0.16778942910416703,-0.3994634471933125,0.14076503009632338,-0.97227589937328
2615,0.14723418123716484,-0.5726860945155404,0.21062889913731084,-0.9664164850491561
2616,0.1462867547142005,-0.5761114727766391,0.22809486639755708,-0.9649516314681238
2617,0.18370982414397202,-0.5795368510377239,0.31542470269878975,-0.9676970030285456
2618,0.24022008739343348,-0.5829622292988225,0.31542470269878975,-0.9670106601384408
2619,0.2080574627824607,-0.5818790627569076,0.31542470269878975,-0.9649516314681238
2620,0.1854110600811749,-0.5796687600142426,0.31542470269878975,-0.9633024422854511
2621,0.20248485204573327,-0.501651771085196,0.31542470269878975,-0.962202982830339
2622,0.2000385747072894,-0.4294003233709593,0.31542470269878975,-0.9607381292493067
2623,0.22477387389309447,-0.38021104051597676,0.31542470269878975,-0.9603719158540478
2624,0.230748262003376,-0.3605353273739865,0.31542470269878975,-0.957626544293626
2625,0.25926523121991707,-0.3633474352724862,0.31542470269878975,-0.957626544293626
2626,0.2656226270606198,-0.37740797476505383,0.31542470269878975,-0.957626544293626
2627,0.25095714339403674,-0.38292368479106303,0.31542470269878975,-0.957626544293626
2628,0.2362810362949282,-0.3827428418393897,0.31542470269878975,-0.957626544293626
2629,0.22355631689197863,-0.28577485115246287,0.31542470269878975,-0.9557946580479962
2630,0.2112249909459693,-0.12428209530869573,0.31542470269878975,-0.9564052867965405
2631,0.21301001183064874,0.09358845071903465,0.31542470269878975,-0.957626544293626
2632,0.18464933788192028,0.22878965543878255,0.31542470269878975,-0.9557946580479962
2633,0.15538451074756318,0.23998684819652227,0.22809486639755708,-0.9557946580479962
2634,0.16172726612394037,0.3172364984742758,0.22809486639755708,-0.9557946580479962
2635,0.15330890068773834,0.33443207970761296,0.22809486639755708,-0.9521321963876824
2636,0.14232724263581092,0.23677688580432746,0.14076503009632338,-0.9512165809726032
2637,0.17700234899033807,0.08400980237876439,0.14076503009632338,-0.9438906745287641
2638,0.19476124448638552,-0.10549854072829554,0.14076503009632338,-0.9424258209477345
2639,0.281037995852084,-0.28427854317454654,0.14076503009632338,-0.9365664066236078
2640,0.39746970573686163,-0.45033146496546755,0.14076503009632338,-0.9347351757934494
2641,0.4172641191637851,-0.5654760641349934,0.08254513922883484,-0.9319883295482148
2642,0.4395819168501953,-0.6116421457007362,0.14076503009632338,-0.925578366227192
2643,0.4509647758457407,-0.6293222064451868,0.18442994824694023,-0.9219154130052709
2644,0.5142798321732179,-0.7170008975145344,0.14076503009632338,-0.9182524597833528
2645,0.5360437029480281,-0.6691106698623984,0.14076503009632338,-0.9182524597833528
2646,0.5948107150847054,-0.5308411630626068,0.14076503009632338,-0.9186188370324788
2647,0.5833658984317359,-0.12014681981377918,0.14076503009632338,-0.9200843460289826
2648,0.5379969152446924,0.1593412734754689,0.14076503009632338,-0.9228313561280873
2649,0.4909076893420286,0.2420199918254099,0.09164199717688036,-0.925578366227192
2650,0.39089070311891605,0.3456121928532479,0.0425189642574366,-0.9239311432909366
2651,0.34035414025886973,0.4631467156663367,0.05070613641067735,-0.9228329946667673
2652,0.34269123548923186,0.4291053742744273,0.05343519379509069,-0.9206340757565401
2653,0.3347009782895425,0.3571700668312718,0.05343519379509069,-0.9200843460289826
2654,0.3472039456663183,0.26471109373937257,0.05343519379509069,-0.9182524597833528
2655,0.34391729340511673,0.17225212064748716,0.05343519379509069,-0.9182524597833528
2656,0.3439653197211834,-0.02201842018696914,0.05343519379509069,-0.9109281918781965
2657,0.37605099949636167,-0.19667714572233488,0.05343519379509069,-0.9101957650876789
2658,0.4182803834064449,-0.34191814830911316,0.05343519379509069,-0.9090971249019053
2659,0.42980144975494605,-0.44541095269239755,0.05343519379509069,-0.9068991891148868
2660,0.4304661082867862,-0.4862814597704341,0.05343519379509069,-0.9036022854343574
2661,0.45354507485678464,-0.4786571209279054,0.05343519379509069,-0.9052509830554227
2662,0.47285029959057456,-0.4387028848050138,0.05343519379509069,-0.9079983208622646
2663,0.4517511506978254,-0.3640557368332137,0.05343519379509069,-0.9090971249019053
2664,0.38508295177195656,-0.26627998096214595,0.05343519379509069,-0.9118444627087472
2665,0.326634803554937,0.01614312645389098,-0.005512445708241429,-0.9136760212466398
2666,0.24779997984030913,0.34472807175618747,-0.03662369989055583,-0.9184822648333961
2667,0.20003266202001022,0.6062198879945212,-0.033894642506142256,-0.9200843460289826
2668,0.10913521546002722,0.8677117042328687,-0.033894642506142256,-0.9200843460289826
2669,0.041082049725809484,1.1292035204712025,-0.23311583156833038,-0.9196263744675759
2670,0.02460501512936321,1.2113099598857902,-0.22820352827638585,-0.9182524597833528
2671,0.03470467516591155,1.173826148084529,-0.21292080692367008,-0.9164218843686688
2672,0.0358410996533471,1.0457373557374863,-0.2140124298774353,-0.9136760212466398
2673,0.04596642451945274,0.7817410925717783,-0.2085543151086084,-0.9136760212466398
2674,0.09198831819670747,0.5797060261178201,-0.2085543151086084,-0.9136760212466398
2675,0.09817922708879959,0.408098456071506,-0.2085543151086084,-0.9063501148028036
2676,0.09254067390868571,0.35820087165579595,-0.2085543151086084,-0.9063501148028036
2677,0.15791991328588342,0.44459356840213793,-0.14305693788268362,-0.9036022854343574
2678,0.2031935218593735,0.6218464525898202,-0.25221923325922496,-0.9036022854343574
2679,0.230841102608096,0.8185028477878076,-0.2500359873516945,-0.9036022854343574
2680,0.23110757760728837,1.0200101207383714,-0.27841818414959485,-0.9052509830554227
2681,0.2207676444511742,1.2019236626850258,-0.25221923325922496,-0.9063501148028036
2682,0.19182463643866676,1.3270760273901527,-0.41596267632403705,-0.8990258468976444
2683,0.14596980613995886,1.24477741413308,-0.4705438240123077,-0.8990258468976444
2684,0.21324877367647732,1.0784772498240034,-0.4814600535499618,-0.8971947799213561
2685,0.2363452437412761,0.8561760514802761,-0.4814600535499618,-0.8937593787587944
2686,0.25210503398608347,0.8561760514802761,-0.5425909389608251,-0.8926142450379415
2687,0.2731305870439037,0.79257358537697,-0.5928055948340344,-0.8825446055723607
2688,0.29976091391678683,0.6335674201187043,-0.6452034966147738,-0.8813996766688423
2689,0.3939467109233985,0.5498763161337467,-0.6539364802448973,-0.8779648899582847
2690,0.4386460172138108,0.4850139774671301,-0.6583029720599589,-0.8761339868358635
2691,0.4949792251568748,0.4727769377372617,-0.6888684147653904,-0.8733876321522331
2692,0.5531446584599822,0.4656155568510252,-0.7407205050692476,-0.869954074345689
2693,0.5547522131179128,0.4261315124024703,-0.7434495624536611,-0.8688095550768401
2694,0.5931777860950775,0.409864086089667,-0.8133134314946475,-0.8629488299217676
2695,0.586395014923559,0.4864631323198559,-0.822046415124771,-0.861483648633001
2696,0.6545526100724895,0.5630621785500447,-0.8373291364774867,-0.861483648633001
2697,0.6559909739829692,0.6396612247802334,-0.8940935300732884,-0.861483648633001
2698,0.6345138565559677,0.7009404617643926,-0.9181092350561273,-0.861483648633001
2699,0.5939303410607983,0.7009404617643926,-0.9435804373106539,-0.861483648633001
2700,0.5487849347857939,0.7009404617643926,-1.0010725795422988,-0.861483648633001
2701,0.5162652589132616,0.664182457365133,-1.0054390713573604,-0.8580507052784608
2702,0.48070607796877485,0.5722874463669767,-0.9945228418197063,-0.8569063908269494
2703,0.5100723296627753,0.49480360925100536,-0.9945228418197063,-0.8596525816567127
2704,0.48871032700642847,0.4269272213898331,-0.9945228418197063,-0.8601103484007847
2705,0.4327426875052902,0.41484423306326196,-0.9945228418197063,-0.861483648633001
2706,0.39002432549875543,0.37518738312754807,-0.9945228418197063,-0.8603850084472274
2707,0.34218167713184905,0.2252350867553458,-0.937212636747022,-0.8596525816567127
2708,0.32478014194370874,0.14806471075560818,-0.9093762514260041,-0.8596525816567127
2709,0.3138125664746565,0.18006721531459507,-0.9071930055184732,-0.8596525816567127
2710,0.29620554885264433,0.18868069812389912,-0.8198631692172402,-0.8596525816567127
2711,0.2778430147847674,0.18170149976673877,-0.8198631692172402,-0.8596525816567127
2712,0.2595096868808643,0.25184981093189773,-0.8023972019569935,-0.8596525816567127
2713,0.23821420538073212,0.3412799994776158,-0.7325333329160073,-0.8600187950519685
2714,0.22134366489497115,0.423801120484051,-0.7325333329160073,-0.861483648633001
2715,0.19846366082260108,0.5063222414905,-0.7325333329160073,-0.8631318546924649
2716,0.154380593805378,0.5888433624969353,-0.7325333329160073,-0.8642306587321057
2717,0.10172858244280324,0.6102055248117794,-0.7325333329160073,-0.8642306587321057
2718,0.07825266338904303,0.5907950479989099,-0.6452034966147738,-0.8642306587321057
2719,0.06290924846327224,0.5572815001103951,-0.6626694638750206,-0.8669793073698904
2720,0.03170926926705391,0.5202421844529723,-0.7107008738406986,-0.8662921452104442
2721,-0.0022328248087947456,0.466816009587363,-0.5287637148797968,-0.8642306587321057
2722,0.024870424132677375,0.4855745906173036,-0.4705438240123077,-0.8669793073698904
2723,0.013475517865587261,0.5524563422442864,-0.5578736603135411,-0.861483648633001
2724,0.012402675027047826,0.6433721221485592,-0.5578736603135411,-0.861483648633001
2725,0.05004424655959077,0.7342879020528459,-0.5578736603135411,-0.861483648633001
2726,0.0595825879693585,0.8376095084418825,-0.4705438240123077,-0.861483648633001
2727,0.05873279098537575,0.940931114830905,-0.4705438240123077,-0.8642306587321057
2728,0.04262239037015467,0.8843574114492887,-0.645203496614774,-0.8642306587321057
2729,0.005712395520382582,0.7808784047134272,-0.5578736603135411,-0.8569063908269494
2730,0.06069587307522953,0.607041442946218,-0.5142087421629243,-0.8537018188011073
2731,0.10608699545228731,0.43386814610641466,-0.5360412012382327,-0.8504972467752652
2732,0.2078756818920224,0.2921268852129679,-0.5287637148797968,-0.8477494174068219
2733,0.25515009932404253,0.2743439949651448,-0.4705438240123077,-0.8431713403314289
2734,0.24844312583567088,0.3794955850519807,-0.5578736603135411,-0.8431713403314289
2735,0.25641136797753555,0.4726110484475641,-0.5578736603135411,-0.8404259687710042
2736,0.28224598183334904,0.5631712871308974,-0.5578736603135411,-0.8404259687710042
2737,0.3069386480326992,0.7157273871128277,-0.5578736603135411,-0.8404259687710042
2738,0.29857541555175054,0.7883328181602509,-0.5928055948340344,-0.8385932632560329
2739,0.2951111446808348,0.8076378032513176,-0.6452034966147738,-0.8385932632560329
2740,0.2898033173211866,0.8690038448522636,-0.8198631692172402,-0.8385932632560329
2741,0.2729933567682267,0.9198783161013638,-0.7325333329160073,-0.8312689953508767
2742,0.25649988706989363,0.9550154318226609,-0.7543657919913151,-0.83081102378947
2743,0.33472123323852887,1.0074893585110007,-0.8198631692172402,-0.8294371091052469
2744,0.35010036484759044,1.0715211591773508,-0.8635280873678568,-0.8280636040556931
2745,0.3580172496502902,1.1195798386900275,-0.9071930055184732,-0.8266900990061422
2746,0.36022590544688055,1.1636452379142932,-0.972690382744398,-0.8246298414318144
2747,0.36725100319827586,1.2077106371385586,-1.0032558254498296,-0.8239430889070375
2748,0.3769482055597999,1.2552048187265314,-1.0927689076585938,-0.8239430889070375
2749,0.3757451309328178,1.3164141297693606,-1.1691825144221728,-0.8239430889070375
2750,0.3634769394744605,1.3422306667403232,-1.1800987439598265,-0.8221120219307492
2751,0.3431815233943035,1.2264761074237933,-1.2019312030351348,-0.8221120219307492
2752,0.3386267580875047,1.1429748885380997,-1.2928997825155861,-0.814787754025593
2753,0.35937433123237816,1.080975896606283,-1.2848945475213065,-0.8111233261188591
2754,0.41024125921613663,1.06373553521348,-1.3438421870246386,-0.8102072191421784
2755,0.4395318502004407,1.0501333084955056,-1.3438421870246389,-0.8028837705063607
2756,0.46280514614110574,1.0510836204768463,-1.376590875637601,-0.8028837705063607
2757,0.5191701618876198,1.052033932458187,-1.518501859627105,-0.8010543420687525
2758,0.5461683951680112,1.0529842444395277,-1.4966694005517966,-0.7987640746270467
2759,0.5470702626091853,1.1723584235572735,-1.518501859627105,-0.796473807185338
2760,0.551755773354866,1.2392496479102786,-1.6058316959283379,-0.7891495392801817
2761,0.6235927807197316,1.1830074899400498,-1.7231811634581198,-0.7898362918049557
2762,0.6577628088901518,1.1339401086302663,-1.76957513899315,-0.7918965493792834
2763,0.6049847605510547,1.0866664214855906,-1.8896536639073453,-0.7847541592677459
2764,0.5641050685054073,0.9202775101724618,-1.9060280082138268,-0.7799925658600542
2765,0.678691526855003,0.787166381121951,-1.8285227784964824,-0.7814574194410837
2766,0.6970160918824133,0.787166381121951,-1.7870411062533964,-0.7818236328363426
2767,0.6568064054696782,0.787166381121951,-1.920219106612777,-0.7744993649311863
2768,0.632789857343467,0.787166381121951,-2.0424808774345036,-0.7726682979548951
2769,0.6992310553063972,0.8218785828856962,-2.0533971069721573,-0.7818236328363426
2770,0.7035386648631066,0.9086590872950663,-1.9005698934449995,-0.7818236328363426
2771,0.5657140613845677,0.9652476599860553,-1.8678212048320373,-0.7772455557609496
2772,0.5030675159672247,0.9765483350994725,-2.0293814019893186,-0.7746822258480106
2773,0.5003951083033366,0.9878490102128898,-2.1334494569149545,-0.7708372309786067
2774,0.5549186358602184,0.9960486018731123,-2.0424808774345036,-0.7918965493792834
2775,0.44301445667986833,0.9995965683535429,-1.961700778855863,-0.7889668422172216
2776,0.19697378804607688,0.9535981589125253,-2.013370932000759,-0.7717523548320816
2777,0.1931645997637838,0.9075997494714939,-1.9551510411332702,-0.7653423915110588
2778,0.4741685977108895,0.8616013400304625,-2.013370932000759,-0.7726682979548951
2779,0.46052837344760467,0.5351539775537687,-1.9551510411332704,-0.769234740148351
2780,0.4017789418532952,0.36203172818206936,-1.9551510411332704,-0.7680902208795021
2781,0.41744620824448686,0.29112622088037543,-1.8459887457567288,-0.758934066728716
2782,0.5296971922162181,0.22022071357868153,-1.8241562866814207,-0.751608569919549
2783,0.6300123439584545,0.30053005436736147,-1.933318582057962,-0.7442830731103791
2784,0.7437933299326356,0.6076616672915882,-1.8678212048320373,-0.7635113245347676
2785,0.5502398282527694,0.8750922242252521,-1.8678212048320373,-0.7635113245347676
2786,0.38962979402073045,1.0849785539366392,-1.9900829756537637,-0.7680902208795021
2787,0.3350763506061847,1.1043890307495223,-1.9988159592838868,-0.7694637259290559
2788,0.23625696435245624,1.0315369795591804,-1.9114861229826539,-0.7708372309786067
2789,0.18193056185143827,0.8202911363640347,-1.8678212048320373,-0.7708372309786067
2790,0.12411524581432297,0.6090452931688892,-1.8678212048320373,-0.7708372309786067
2791,0.10175778518244076,0.3977994499737439,-1.7804913685308041,-0.7818236328363426
2792,0.08741177839170626,0.2841577391425904,-1.7804913685308041,-0.7818236328363426
2793,-0.006389510853984951,0.1705160283114231,-1.6931615322295712,-0.7845722814741273
2794,-0.10694653733492664,0.4194363044583204,-1.6058316959283379,-0.7845722814741273
2795,-0.17483205099012247,0.6889290451456637,-1.4721078840920747,-0.7845722814741273
2796,-0.1932272354193849,1.0407116439948048,-1.372952132458383,-0.7876237866781655
2797,-0.1956162288628228,1.0577677178082876,-1.3438421870246389,-0.7891495392801817
2798,-0.22685679842891604,0.9635455259375939,-1.3263762197643925,-0.7937267970862333
2799,-0.26405540946542305,0.7589367963658392,-1.28562229615715,-0.7946424671192701
2800,-0.32724258909172144,0.7188198015864415,-1.2565123507234057,-0.796473807185338
2801,-0.3567381334499449,0.8016398453541658,-1.2565123507234055,-0.7983065127003092
2802,-0.3731471521673984,0.9043737121502569,-1.1473500553468643,-0.7996804273845294
2803,-0.38621939889668033,0.9820079168316019,-1.116784612641433,-0.8010543420687525
2804,-0.42002754834749656,1.05336720598425,-1.1473500553468643,-0.7989934700424207
2805,-0.4214555821769215,0.9096171530657071,-1.0993186453811863,-0.7983065127003092
2806,-0.36959743383375104,0.735800954748513,-1.0818526781209397,-0.796473807185338
2807,-0.33375267180590124,0.44172017483667075,-1.0141720549874838,-0.7953750031456972
2808,-0.3053466570768192,0.2943572816169253,-0.9945228418197063,-0.7937267970862333
2809,-0.268876267101837,0.24480631285859608,-0.9071930055184732,-0.7937267970862333
2810,-0.22903379409655927,0.3749837673597488,-0.8198631692172402,-0.7937267970862333
2811,-0.21403375662961233,0.5500933276757548,-0.8897270382582266,-0.7922625989206723
2812,-0.18706587033082198,0.5613065383911956,-0.9071930055184732,-0.7918965493792834
2813,-0.16908342183601752,0.54508913006645,-0.9071930055184732,-0.7891495392801817
2814,-0.15967637256041414,0.41914924558098643,-0.9071930055184732,-0.7891495392801817
2815,-0.1267831226614273,0.26545455920735833,-0.9945228418197063,-0.7818236328363426
2816,-0.10694573504718564,0.000740665281044657,-0.9071930055184732,-0.7818236328363426
2817,-0.006956861049584756,-0.23377044634976535,-0.8198631692172402,-0.7799925658600542
2818,0.03276903898851307,-0.42297738453738193,-0.8635280873678566,-0.7786190608105004
2819,0.05801112495953933,-0.29326442850655876,-0.7543657919913151,-0.7772455557609496
2820,0.07977597081410169,-0.08382149892112162,-0.8023972019569935,-0.7809080174212634
2821,0.09708358929985186,0.3973145229477815,-0.7325333329160073,-0.7818236328363426
2822,0.050431932789429146,0.8112512176571236,-0.6452034966147738,-0.7845722814741273
2823,0.0036617885942059414,0.9563906037281917,-0.7761982510666233,-0.7822824236670908
2824,-0.03716423930815402,0.8315492601947143,-0.6801354311352671,-0.7799925658600542
2825,-0.03942734119521715,0.6392127342600863,-0.7761982510666233,-0.7765596225055141
2826,0.021765484161042032,0.29733516222114625,-0.7499993001762537,-0.7754153080539997
2827,0.07447712206412924,-0.04454240981780758,-0.7325333329160073,-0.7717528463936859
2828,0.10359964833689192,-0.4291109746482958,-0.7325333329160068,-0.7708372309786067
2829,0.15420162857543068,-0.8136795394787841,-0.662669463875021,-0.7649765058235372
2830,0.18365831699009566,-0.8280384698416058,-0.5054757585328009,-0.7635113245347676
2831,0.26019116061591624,-0.8423974002044134,-0.4705438240123077,-0.7586273869055434
2832,0.30063791639628257,-0.9542789063059604,-0.4705438240123077,-0.7561854180909313
2833,0.3749639439501692,-1.0214078099668829,-0.4705438240123077,-0.7497770933085885
2834,0.41438381747721303,-1.0214078099668829,-0.3832139877110748,-0.7497770933085885
2835,0.4605026652431219,-1.1034020042553125,-0.44871136493699953,-0.7424520061340908
2836,0.5202444703420792,-1.3083874899763797,-0.33954906956045816,-0.7493187121125096
2837,0.5443458367092339,-0.8429707393400875,-0.34828205319058153,-0.7649765058235372
2838,0.39349044208691614,-0.20995342961446944,-0.3308160859303348,-0.7708372309786067
2839,0.1423023751058804,0.1460057802613794,-0.34828205319058153,-0.7790782612759208
2840,0.007907545734759583,0.5019649901372558,-0.3308160859303348,-0.7845722814741273
2841,-0.18129115903471454,1.1683953794448991,-0.34828205319058153,-0.7829230922914576
2842,-0.28084470586121335,1.8348257687525422,-0.31771661048515,-0.7818236328363426
2843,-0.2797259341125674,1.8639414839718533,-0.36574802045082805,-0.7744993649311863
2844,-0.23707258056170202,1.5282668251752811,-0.2085543151086084,-0.7726682979548951
2845,-0.12453944398631772,0.6454066053548775,-0.19108834784836215,-0.7635113245347676
2846,-0.030154918586824515,-0.01778970916701445,-0.07755956065675836,-0.7616798479238099
2847,0.06833966791716392,-0.6012596861301468,0.11165508466257923,-0.7561854180909313
2848,0.1812083893091971,-1.0854882181567524,0.22809486639755708,-0.7470300832094838
2849,0.2677275579996832,-0.6374765012518033,0.31542470269878975,-0.7447410446717888
2850,0.3555021739720179,-0.10781333050970657,0.31542470269878975,-0.7424520061340908
2851,0.41086798979954514,0.1947369276388033,0.14076503009632388,-0.7378731097893563
2852,0.4162097660288892,0.6834616555908587,0.1189325710210157,-0.7371867668992516
2853,0.46060377219557697,1.2187300009938127,-0.016428675245895762,-0.7351277382289345
2854,0.4650119382426876,0.6999384578543835,-0.033894642506142256,-0.7259715840781457
2855,0.4744777958707254,0.2062184457038938,0.009770275644474342,-0.7168154299273596
2856,0.5521020371011179,-0.18721544249081062,-0.07755956065675836,-0.7131524767054415
2857,0.6990926915754176,-0.4537752741016091,-0.06882657702663499,-0.7094895234835203
2858,0.7744656491592693,-0.5300240208365211,-0.033894642506142256,-0.7039963225546525
2859,0.8200985442298135,-0.3567657565146669,-0.1037585115471287,-0.7021652555783642
2860,0.8702210446246058,-0.017169484821658174,-0.033894642506142256,-0.6930091014275781
2861,0.8806561948748055,0.18551125794865714,-0.24348624962910162,-0.6930091014275781
2862,0.9453376709493556,0.35396311848826456,-0.33954906956045816,-0.6930091014275781
2863,0.9595644902921747,0.7041554475719003,-0.31335011867008833,-0.6948396768422621
2864,0.927152856509111,1.0248288486328632,-0.5142087421629243,-0.6975855399642911
2865,0.8648561156017124,1.2274265376031477,-0.6102715620942809,-0.6937405450948843
2866,0.7676300361988165,1.4103133016821032,-0.7761982510666233,-0.6911772151819483
2867,0.7369508725800803,1.5636336784240867,-0.7325333329160073,-0.6838513087381092
2868,0.8127162984793577,1.4060893270251735,-0.95085792366909,-0.6820202417618209
2869,0.8335376326833882,1.0810428754772718,-1.0381877599703229,-0.6765270408329529
2870,0.8199819738308858,0.5047432737059139,-1.0469207436004462,-0.6710328567808764
2871,0.8559828556293131,0.27422343299736257,-1.0818526781209397,-0.6673700674128255
2872,0.9329564387266721,0.2107871701782093,-1.1691825144221728,-0.6627919903374324
2873,0.9373068567670698,0.05219651313033305,-1.1691825144221728,-0.6646230573137207
2874,0.9329057842325249,0.5927813064181152,-1.1910149734974809,-0.6657675765825697
2875,0.8748916381054477,0.9642899960886423,-1.2565123507234055,-0.6692011343891138
2876,0.760552254177955,1.0821845303333069,-1.330196900102571,-0.6712607775114376
2877,0.6709379905967304,1.1185054975993491,-1.3438421870246386,-0.6701162582425886
2878,0.60452442702743,1.1344330731207564,-1.3465712444090518,-0.6627919903374324
2879,0.5975363840187198,0.8807706929077674,-1.3511196733830748,-0.6612656915558542
2880,0.646826502747671,0.5880140852754046,-1.3438421870246386,-0.6582130939926979
2881,0.672497001863819,0.13888056796547743,-1.3438421870246386,-0.6541849104987295
2882,0.6814378171419838,-0.25233096128978383,-1.3438421870246386,-0.6481426352577755
2883,0.7518509943355474,-0.5566595084630876,-1.2783448097987136,-0.6447084629992276
2884,0.7857697512744142,-0.56199169638259,-1.1691825144221728,-0.643563738913044
2885,0.8194769313169478,-0.4925747944886525,-1.1691825144221728,-0.6389848425683095
2886,0.8077931850256747,-0.2533128715385006,-1.151716547161926,-0.6399006218372558
2887,0.8233573206816807,-0.045206840218026546,-1.103685137196248,-0.643563738913044
2888,0.7900253006469392,0.038275624583791364,-1.204114448942666,-0.6446618875372132
2889,0.6975368078687801,0.15274519426039201,-1.1400725689884281,-0.6463091104734657
2890,0.6120913266864457,0.31369542124913913,-1.151716547161926,-0.6463091104734657
2891,0.5441942139482501,0.4521621808239868,-1.2565123507234055,-0.6463091104734657
2892,0.5075505000519495,0.585008073545377,-1.0818526781209397,-0.643563738913044
2893,0.47198754234992807,0.8093437550954223,-1.1691825144221728,-0.643563738913044
2894,0.47047645552490247,0.8143229643648145,-1.212847432572789,-0.6463091104734657
2895,0.44443386118191447,0.49026746521321984,-1.1255175962715558,-0.6449364246932534
2896,0.39897519120384767,0.2952301502636769,-1.2215804162029125,-0.643563738913044
2897,0.3944548002405235,0.13244738136463996,-1.0993186453811863,-0.6397177609204285
2898,0.3937066272837713,0.08739096276520726,-1.0469207436004462,-0.6371537755920182
2899,0.4425975334670281,0.07176613174068598,-1.1342505799016793,-0.6355065526557657
2900,0.4499702658406258,0.20903316577836717,-1.116784612641433,-0.6344084040315965
2901,0.4662566801932988,0.3845231660816093,-1.0294547763401996,-0.6371542671536226
2902,0.4567237047184527,0.4151201860117305,-0.9945228418197063,-0.635138864575694
2903,0.3868055863864571,0.4094939608485784,-1.0600202190456312,-0.6325748792472866
2904,0.41683401225634004,0.5342032603221125,-1.0818526781209392,-0.6325748792472866
2905,0.41233587263004434,0.6589125597956467,-1.0818526781209397,-0.6325748792472866
2906,0.3954182749153788,0.6161130612330946,-1.1342505799016793,-0.6281808100657966
2907,0.3963753212549856,0.5733135626705425,-1.1036851371962477,-0.6252514306114689
2908,0.4534808325963519,0.5305140641079903,-1.0818526781209397,-0.6252514306114689
2909,0.44467000683483926,0.3941283380547889,-1.0818526781209397,-0.6252514306114689
2910,0.42355169706853746,0.19535179367449265,-1.1473500553468643,-0.6252514306114689
2911,0.39422340414199497,0.7368300372592138,-1.1691825144221728,-0.6225044205123643
2912,0.36054263714649004,0.9320611986298216,-1.2565123507234055,-0.621893791763823
2913,0.36477140706800815,0.9619661641596468,-1.2565123507234055,-0.6206725342667345
2914,0.3572985841991028,1.2538918988973886,-1.354758416562293,-0.6252514306114689
2915,0.35520510424049767,1.3943164508712806,-1.3684037034843606,-0.624564678086692
2916,0.2937427328261401,1.4337402143359306,-1.4966694005517969,-0.6225044205123643
2917,0.2374776991376227,1.4813772618557377,-1.5512505482400674,-0.6211305058281412
2918,0.24868687009075982,1.3005192399370127,-1.616747925465992,-0.6206725342667345
2919,0.26341487186446444,0.7769186138605031,-1.6767871879230898,-0.6106012562624735
2920,0.374117584999793,0.37642898002749464,-1.6058316959283379,-0.6087701892861852
2921,0.400691667149582,0.17451265754340387,-1.6058316959283379,-0.6099145037376966
2922,0.4153695922858852,0.10497854262522593,-1.6058316959283379,-0.6133474470922368
2923,0.3767337984495468,-0.048537029683649466,-1.6058316959283379,-0.6149956531517008
2924,0.30952762602399775,-0.16450156776072206,-1.6058316959283379,-0.6160944571913415
2925,0.24208572143412746,-0.13026196891068034,-1.6058316959283379,-0.6197569188516553
2926,0.20496368911479512,0.1231882222389926,-1.6058316959283379,-0.6206725342667345
2927,0.14715809077326764,0.5227788082551047,-1.5359678268873516,-0.6301944102511751
2928,0.089931678959771,0.8456630478897074,-1.518501859627105,-0.6325748792472866
2929,-0.0523968916805133,1.1174097232699614,-1.518501859627105,-0.6371537755920182
2930,-0.13402694698083753,1.1370757914545264,-1.518501859627105,-0.6371537755920182
2931,-0.20790128300852245,1.0937217078401897,-1.4311720233258718,-0.6371537755920182
2932,-0.24231326267985198,0.9223940424957483,-1.4311720233258718,-0.6356885943032515
2933,-0.2498461552554571,0.7190729817187705,-1.4137060560656254,-0.629827869148182
2934,-0.247376376697251,0.33386653447692793,-1.3263762197643918,-0.6274474001520703
2935,-0.16840375101400554,-0.05133991276492844,-1.2215804162029125,-0.6179255241676298
2936,-0.12450830720438807,-0.37402862280812904,-1.0818526781209397,-0.6160944571913415
2937,-0.01468484217120562,-0.6810878985516728,-1.0643867108606928,-0.6087701892861852
2938,0.08262979895703651,-0.9881471742952302,-0.9945228418197063,-0.6095330655871948
2939,0.18062639596687613,-1.2952064500387874,-0.9945228418197063,-0.6133474470922368
2940,0.2530443071644094,-1.2684633943454198,-0.8198631692172402,-0.6133474470922368
2941,0.22568611279272038,-1.158269755792824,-0.7325333329160068,-0.6160944571913415
2942,0.16894241111350897,-1.0755702739928685,-0.7325333329160068,-0.6170100726064206
2943,0.12885242465768437,-0.9928707921929266,-0.7325333329160068,-0.6206725342667345
2944,0.07110879424658807,-0.9101713103929712,-0.6976013983955136,-0.6210389115158604
2945,0.022170728104337036,-0.8274718285930293,-0.5753396275737874,-0.6225044205123643
2946,-0.012770958034070325,-0.5276101023260431,-0.6277375293545276,-0.6234200359274434
2947,-0.03552317923207338,-0.22774837605907075,-0.5928055948340344,-0.6270824975877572
2948,-0.06942846130502303,-0.3332400978681734,-0.6976013983955136,-0.6270824975877572
2949,-0.11809230338057883,-0.438731819677276,-0.5753396275737874,-0.6270824975877572
2950,-0.13624491611597325,-0.48415688998263345,-0.5797061193888491,-0.6270824975877572
2951,-0.14146424407319688,-0.474828072831164,-0.3832139877110748,-0.6270824975877572
2952,-0.1424785687147266,-0.24648370585235965,-0.3832139877110748,-0.6307440853607779
2953,-0.1413696199029368,-0.11525200392183461,-0.3249940968435862,-0.6325748792472866
2954,-0.21284985229310752,-0.04876207869017168,-0.2958841514098413,-0.6371537755920182
2955,-0.24539182230686818,0.15328638353798146,-0.2958841514098413,-0.6371537755920182
2956,-0.2982461725626284,0.3837258496013493,-0.36138152863576634,-0.6389848425683095
2957,-0.3172291347230246,0.7277293310055069,-0.2958841514098413,-0.6408164011062021
2958,-0.3310375327058908,1.002279933293602,-0.2958841514098413,-0.643563738913044
2959,-0.3812865940006535,1.1726512169075978,-0.2958841514098413,-0.643563738913044
2960,-0.388340564043237,1.2287393234745434,-0.3832139877110748,-0.6422817462488388
2961,-0.3825918311317434,1.2765967314799005,-0.3832139877110748,-0.6371537755920182
2962,-0.3468748567723279,1.2915313452388753,-0.42687890586169114,-0.6312026031017436
2963,-0.2559240490657449,1.1836545058338235,-0.5360412012382327,-0.6108302420431784
2964,-0.13441421972207235,0.9939033643194021,-0.6277375293545276,-0.6060231791870805
2965,0.15967294616141875,0.5305381765015468,-0.7325333329160068,-0.5895402993231139
2966,0.48038951862742274,0.040787906350528924,-0.7325333329160068,-0.5895402993231139
2967,0.6844910204150682,-0.28088864682964954,-0.9595909072992129,-0.5803849644416693
2968,0.7737520317504535,-0.34522395746568524,-0.9945228418197063,-0.5739750011206465
2969,0.8294104171609312,-0.27120426755732774,-1.116784612641433,-0.5734255991008232
2970,0.8354205724634636,-0.0861550427864101,-1.2783448097987136,-0.5712279910215418
2971,0.8394588922165737,0.09874950762316266,-1.4475463676323528,-0.5712279910215418
2972,0.8053120342467444,0.28355760845851274,-1.5970987122982145,-0.5712279910215418
2973,0.7657060600290683,0.28959508388954114,-1.7095358765360522,-0.5691689623512247
2974,0.7157697433650625,0.2150932829961245,-1.8132400571437666,-0.5684826194611171
2975,0.6922723246160849,-0.0027949977908199443,-1.8350725162190749,-0.5758060680969348
2976,0.6653510832561115,-0.12326417946224427,-1.8918369098148764,-0.5776376266348274
2977,0.5407467634170504,-0.17878729505668745,-1.8787374343696914,-0.5803849644416693
2978,0.4758234881104078,-0.19485371293850923,-1.8732793196008641,-0.5909146236420062
2979,0.377150194314601,-0.20105595639216875,-1.8678212048320373,-0.6014442828423461
2980,0.2525208323044601,-0.008413002122786341,-1.8678212048320373,-0.6103716560297648
2981,-0.0144023525101327,0.12909361533643557,-1.7804913685308041,-0.6133474470922368
2982,-0.1576635895513318,0.18389572758037534,-1.7630254012705575,-0.6179255241676298
2983,-0.297803655860572,0.2122726658526728,-1.6756955649693244,-0.6175593107723739
2984,-0.4103010465088355,0.2230328214771951,-1.5621667777777213,-0.6160944571913415
2985,-0.4227475157616356,0.23379297710173114,-1.4311720233258718,-0.6206725342667345
2986,-0.4082452605023502,0.23106224853146376,-1.4311720233258718,-0.6206725342667345
2987,-0.44071797017625075,0.20809519366903248,-1.3613081542848853,-0.5921055954824699
2988,-0.44479308442249005,0.16017181147574952,-1.4137060560656254,-0.5849638607864037
2989,0.04434199250660721,0.07481393828620964,-1.2565123507234055,-0.596866205766953
2990,0.14980314655126747,-0.010543934903330285,-1.2565123507234055,-0.596866205766953
2991,0.062462897646047254,-0.09590180809286154,-1.3438421870246386,-0.5996123965967163
2992,0.021353978961573088,-0.23123127735054655,-1.365674646099947,-0.6019018447690835
2993,-0.027924330515738484,-0.3790536456252674,-1.4311720233258718,-0.6087701892861852
2994,-0.10410671558338686,-0.41756649644446686,-1.4311720233258718,-0.6124323232387618
2995,-0.18910861052930691,-0.44985727806418113,-1.4311720233258718,-0.6160944571913415
2996,-0.25339218900328714,-0.45725978288599606,-1.378774121545132,-0.624334504365444
2997,-0.3292360801436608,-0.4847302291183074,-1.3438421870246386,-0.629827869148182
2998,-0.4364921252086237,-0.5924724409926735,-1.291444285243899,-0.6353220532002585
2999,-0.6073366101986637,-0.5609730218353638,-1.204114448942666,-0.6389848425683095
3000,-0.7073915226580398,-0.32061115613054664,-1.1691825144221728,-0.6444795181819902
3001,-0.7323471744579302,-0.1792440575551962,-1.116784612641433,-0.6481426352577755
3002,-0.7684442261720094,-0.18636910967404577,-0.9770568745594598,-0.6514380642534919
3003,-0.8304732216514609,-0.19741877582079023,-0.8547951037377335,-0.6536350169173049
3004,-0.8584076658974781,-0.21435536300937016,-0.8198631692172402,-0.6563818631625395
3005,-0.9060351643585228,-0.2807956418830707,-0.7674652674365002,-0.6582130939926979
3006,-0.9389543932128455,-0.4214914582844729,-0.6670359556900826,-0.6582130939926979
3007,-0.9235511808151111,-0.5878575627486174,-0.5753396275737874,-0.6582130939926979
3008,-0.8935572277383721,-0.7713371925879143,-0.418145922231568,-0.6596786029892018
3009,-0.8552867549356645,-0.8559598017416309,-0.3832139877110748,-0.6600449802383277
3010,-0.8314513456368425,-0.8746777304382942,-0.2958841514098413,-0.6646230573137207
3011,-0.8410616597461531,-0.8828579965920044,-0.3832139877110748,-0.6646230573137207
3012,-0.8499266910385163,-0.8884038471099729,-0.13577945152424764,-0.6692011343891138
3013,-0.863988207396987,-0.876984217521671,-0.2085543151086084,-0.6692011343891138
3014,-0.8691653997525978,-0.861323217906815,-0.12122447880737519,-0.671947325218877
3015,-0.8679312706761447,-0.9360901240999417,-0.2085543151086084,-0.671947325218877
3016,-0.8608769753216163,-1.0334640067450642,0.0010372920143509733,-0.6792732316627161
3017,-0.886982762365973,-1.049631366624619,0.12329906283607665,-0.6787239934967629
3018,-0.9099554015828857,-1.0657987265041604,0.0752676528703991,-0.6765270408329529
3019,-0.8488690779354995,-1.1588016468271631,0.09710011194570728,-0.6779001362478345
3020,-0.8041254333391742,-1.2518045671501519,0.31542470269878975,-0.6772135885403923
3021,-0.8014713159113426,-1.3448074874731546,0.3328906699590365,-0.6765270408329529
3022,-0.7450486643051298,-1.4623029261450615,0.31542470269878975,-0.6787239934967629
3023,-0.7052213564010279,-1.5961267103828904,0.3852885717397767,-0.6792732316627161
3024,-0.7035779455181038,-1.6597472607813641,0.49008437530125665,-0.6811051179083459
3025,-0.6892510225533542,-1.6765656552869292,0.49008437530125665,-0.6811051179083459
3026,-0.6777927037425078,-1.6120197917857342,0.5774142116024898,-0.6911772151819483
3027,-0.7733691237048881,-1.4860295214045207,0.5774142116024888,-0.6923984726790368
3028,-0.7905729377172932,-1.267872640703287,0.5774142116024898,-0.6930091014275781
3029,-0.7919794701393326,-1.2252746528583174,0.6647440479037225,-0.7003325500633929
3030,-0.8245965549665178,-1.2434025799758417,0.7229639387712108,-0.7033851476265492
3031,-0.8546105118742519,-1.2592421261239306,0.7739063432802639,-0.7053692131521995
3032,-0.879466914994833,-1.1649109979037735,0.8394037205061889,-0.7067425133844186
3033,-0.8693819907333016,-1.0705798696836168,0.7520738842049552,-0.7094895234835203
3034,-0.8438605067460744,-0.9773946542619943,0.8175712614308802,-0.7106338379350348
3035,-0.8421504582795027,-0.8859283080381735,0.7870058187254487,-0.7140667812895749
3036,-0.8307981980113452,-0.8557291426017334,0.769539851465202,-0.713334026791323
3037,-0.8506963037646011,-0.8663747643568765,0.7346079169447085,-0.7122348950439451
3038,-0.832366639329774,-0.8217973786427641,0.8044717859856949,-0.7147995357878267
3039,-0.7903561258669004,-0.740404654615829,0.795738802355572,-0.7186464969036479
3040,-0.7700615573099682,-0.6966741497465202,0.7739063432802639,-0.7186464969036479
3041,-0.7946749957826817,-0.6543153721550816,0.6647440479037225,-0.7186464969036479
3042,-0.775422455032996,-0.5797812845175107,0.6298121133832291,-0.7213918684640725
3043,-0.7478938939397105,-0.5275076246534282,0.5337492934518725,-0.7213918684640725
3044,-0.7463953187833017,-0.5086246064495992,0.5948801788627356,-0.7213918684640725
3045,-0.7229795019674341,-0.5701014980820424,0.49008437530125665,-0.7223078115868861
3046,-0.6967043883436221,-0.6516683671735533,0.43768647352051643,-0.7232237547097023
3047,-0.6734529910333473,-0.6750091641361233,0.45515244078076317,-0.7221246229623245
3048,-0.6648287590668883,-0.6983499610986794,0.4245869980753316,-0.7213918684640725
3049,-0.6191893765912969,-0.5582971418587869,0.4245869980753316,-0.7213918684640725
3050,-0.5717837728371012,-0.582497947524861,0.4464194571506403,-0.7213918684640725
3051,-0.5461593447410146,-0.6477621594174229,0.40275453900002295,-0.7213918684640725
3052,-0.5156629650578792,-0.6633749342451659,0.22809486639755708,-0.7232237547097023
3053,-0.5020164571375547,-0.6316925886895242,0.22809486639755708,-0.7232237547097023
3054,-0.4995170049934751,-0.5290675625587913,0.22809486639755708,-0.7186464969036479
3055,-0.4557997829333292,-0.5457697487231925,0.22809486639755708,-0.7186464969036479
3056,-0.3914423321092651,-0.6420234097510029,0.05343519379509118,-0.7186464969036479
3057,-0.3645824180434802,-0.7677159590506707,-0.05572710158145067,-0.7186464969036479
3058,-0.34401577569756975,-0.9019657289080014,-0.1037585115471287,-0.7186464969036479
3059,-0.33124972170233064,-1.0704443809960125,-0.05136060976638899,-0.7171816433226184
3060,-0.3114332418525385,-1.1014609565740188,-0.033894642506142256,-0.7168154299273596
3061,-0.27744582269120965,-0.926284417387024,-0.12122447880737519,-0.7232237547097023
3062,-0.30317782203052723,-0.815289711537385,-0.15615641332786892,-0.724322558749343
3063,-0.3449817655474074,-0.7203404640220884,-0.2085543151086084,-0.7259707648088071
3064,-0.37263518821379193,-0.6822696737514191,-0.25221923325922496,-0.7268854790276098
3065,-0.3915912094086513,-0.6433978161837203,-0.2958841514098413,-0.7278001932464153
3066,-0.40242822007255774,-0.6013216894278615,-0.34828205319058153,-0.7310980800501533
3067,-0.40523576831092095,-0.5792166526350593,-0.2958841514098413,-0.7332966712526433
3068,-0.4639015313851865,-0.6369959756945116,-0.40067995497132125,-0.7397049960349861
3069,-0.47443701554393025,-0.6601077049182815,-0.4559888512954355,-0.7397049960349861
3070,-0.5353553583760117,-0.6601077049182815,-0.3832139877110748,-0.7397049960349861
3071,-0.5581417171246387,-0.6662376111912854,-0.5578736603135411,-0.7397049960349861
3072,-0.5511611186229608,-0.6815623768737679,-0.5578736603135411,-0.7442830731103791
3073,-0.5344928023151189,-0.6435746404031295,-0.645203496614774,-0.7442830731103791
3074,-0.5722107362038582,-0.5700452358304151,-0.6506616113836008,-0.7497770933085885
3075,-0.5903953657299448,-0.6409727983174877,-0.6524809829732101,-0.750998350805677
3076,-0.6311381185684974,-0.7507978617114289,-0.6724940704589092,-0.752295322444323
3077,-0.6365327109042538,-0.8647978138182821,-0.6815909284069545,-0.7543543511146401
3078,-0.6323935418799922,-0.9329303958609988,-0.7150673656557603,-0.7580181236058996
3079,-0.6717135754589976,-0.9869391433780549,-0.7434495624536611,-0.7635113245347676
3080,-0.7325573020039423,-1.0197621391066694,-0.7434495624536611,-0.7635113245347676
3081,-0.7574350849679716,-1.0203589208471775,-0.7892977265118084,-0.7708372309786067
3082,-0.8183278166184316,-0.9998633863242681,-0.7379914476848337,-0.7740413933697766
3083,-0.8475895199020341,-0.9272248007357118,-0.6670359556900822,-0.7772455557609496
3084,-0.8829170250938616,-0.9123474539114402,-0.6452034966147738,-0.786402529181077
3085,-0.972554785329068,-0.934075734554916,-0.6015385784641573,-0.786402529181077
3086,-0.9734330719346618,-0.9481965550313609,-0.6452034966147738,-0.786402529181077
3087,-0.9383123130421468,-1.004743131970247,-0.5578736603135411,-0.7918965493792834
3088,-0.8932695227104429,-1.0895735465507326,-0.6015385784641575,-0.792354111306021
3089,-0.9158840748040771,-1.3536796072228225,-0.4705438240123077,-0.7937267970862333
3090,-0.9021532226280192,-1.5647672029854134,-0.40504644678638296,-0.7992224558231227
3091,-0.8979019091594478,-1.6963271013837977,-0.3832139877110748,-0.8010543420687525
3092,-0.8725554858027458,-1.7420573274253803,-0.3832139877110748,-0.8054484112502425
3093,-0.9325284550014514,-1.7305677718957755,-0.3308160859303348,-0.8083777907045702
3094,-0.9560806083412319,-1.6091926136412547,-0.2958841514098418,-0.8175347641246976
3095,-0.9940056238288771,-1.4145603869034518,-0.2085543151086084,-0.8175347641246976
3096,-1.0446937946111146,-1.2991072325063633,-0.2740516923345334,-0.8266900990061422
3097,-1.0811320899944865,-1.2498164766618285,-0.2085543151086084,-0.8303530522280632
3098,-1.1505989201870934,-1.2997693186461032,-0.15615641332786892,-0.8340160054499814
3099,-1.1670482330693357,-1.3561812680542897,-0.12122447880737569,-0.8353880767781869
3100,-1.226574840036363,-1.4168992890784133,-0.033894642506142256,-0.8358454338875897
3101,-1.22516411622674,-1.305726084537594,0.08836712831558391,-0.8404259687710042
3102,-1.213903854176582,-1.244821192463408,0.14076503009632338,-0.8444544799727097
3103,-1.1991215937948132,-1.2593187690891656,0.09710011194570728,-0.8504972467752652
3104,-1.2582627917156166,-1.2343323012663818,0.18442994824694023,-0.8539308045818121
3105,-1.2696826107138757,-1.1987571437288047,0.22809486639755708,-0.8550753238506582
3106,-1.284363151186997,-1.160311271780594,0.31542470269878975,-0.8642306587321057
3107,-1.2732359017716883,-1.136375702443641,0.31542470269878975,-0.865146438001052
3108,-1.331212625610656,-1.1342055870235745,0.31542470269878975,-0.8688095550768401
3109,-1.323574386754306,-1.1627516469451216,0.31542470269878975,-0.8710985936145352
3110,-1.3203157883679244,-1.2117751570943964,0.3809220799247153,-0.8733876321522331
3111,-1.3120856957929867,-1.2916005755401765,0.49008437530125665,-0.8761330037126549
3112,-1.2875898005160606,-1.3411694946359398,0.49008437530125665,-0.8761330037126549
3113,-1.2698223441793601,-1.2697124163316351,0.49008437530125665,-0.8807135385960723
3114,-1.2400181792326828,-1.2173041289368811,0.5628592388856178,-0.8807135385960723
3115,-1.2319489077566508,-1.2410910051802315,0.5774142116024898,-0.8807135385960723
3116,-1.217073180116628,-1.2763529695170692,0.5774142116024898,-0.8807135385960723
3117,-1.1780651104197117,-1.3575152862278015,0.5774142116024898,-0.8821783921771018
3118,-1.1314620649307703,-1.4180928525594572,0.6472780806434758,-0.8825446055723607
3119,-1.0997842783937108,-1.3963314173748345,0.6647440479037225,-0.8847415582361706
3120,-1.0718298206144157,-1.3891110950821233,0.6647440479037225,-0.8852907964021238
3121,-1.0445182049206385,-1.4400552243570457,0.7520738842049552,-0.8852907964021238
3122,-1.021719080246429,-1.4472380384820052,0.7520738842049552,-0.8852907964021238
3123,-0.9802409006867734,-1.388778879882014,0.7520738842049552,-0.8898688734775169
3124,-0.9870969654955477,-1.3181861639078454,0.7520738842049552,-0.8912415592577292
3125,-0.966741957403601,-1.2395044096842256,0.7520738842049552,-0.8926142450379415
3126,-0.9677602522776638,-1.2235500426144283,0.7520738842049552,-0.893714359908528
3127,-0.9382060787168623,-1.210087289545459,0.7520738842049552,-0.8944477698222514
3128,-0.9085990005876295,-1.2065909924797884,0.7520738842049552,-0.9017712184580691
3129,-0.9471006015345549,-1.0447352111552577,0.7520738842049552,-0.9029159425442527
3130,-0.9545808654861563,-0.843289558766002,0.7520738842049552,-0.9063501148028036
3131,-0.980474097130093,-0.7902422929420022,0.7520738842049552,-0.9084103723771313
3132,-0.9684805742515176,-0.7003673646928926,0.7520738842049552,-0.9090971249019053
3133,-0.9596491913433436,-0.5552509428061606,0.7520738842049552,-0.9155062689535896
3134,-0.9667634622353227,-0.4718140236366084,0.7302414251296471,-0.9161928166610289
3135,-0.9813518195762878,-0.42949677294518507,0.6647440479037225,-0.9182524597833528
3136,-0.9823978686957496,-0.820599796429456,0.6647440479037225,-0.9182524597833528
3137,-0.9479442047503247,-1.0690425526255303,0.6647440479037225,-0.9182524597833528
3138,-0.9064336943198568,-1.1034949078893022,0.6647440479037225,-0.9182524597833528
3139,-0.8692427452357347,-1.1379472631530878,0.6822100151639693,-0.9182524597833528
3140,-0.823082125133217,-1.1723996184168597,0.7520738842049552,-0.9182524597833528
3141,-0.7767670412120661,-1.1168808322533241,0.7520738842049552,-0.9182524597833528
3142,-0.7360260390654271,-1.020762803439248,0.7520738842049552,-0.9200843460289826
3143,-0.7083984555843873,-0.8637459106493892,0.7302414251296471,-0.9207715081884288
3144,-0.6919724453104045,-0.7917028150659768,0.6647440479037225,-0.9228329946667673
3145,-0.6578768256840549,-0.7409031687841966,0.6647440479037225,-0.9200843460289826
3146,-0.6463642482651459,-0.6901035225024027,0.6429115888284138,-0.9200843460289826
3147,-0.6001846099697559,-0.7340935704967974,0.5774142116024898,-0.9200843460289826
3148,-0.563025112558111,-0.8465953639626294,0.5774142116024898,-0.9166507882224386
3149,-0.5323544755366658,-1.0618647756356234,0.5774142116024898,-0.9155062689535896
3150,-0.45293458085750204,-1.1694386085682464,0.49008437530125665,-0.9136760212466398
3151,-0.4038552745418135,-1.2357937802313803,0.49008437530125665,-0.912576889499262
3152,-0.3603443850070164,-1.2449698855569968,0.49008437530125665,-0.9109281918781965
3153,-0.3156238675217167,-1.255137278173275,0.49008437530125665,-0.9095548916459774
3154,-0.27522897245794564,-1.2667916017255108,0.49008437530125665,-0.9090971249019053
3155,-0.24308664560016077,-1.2844740236668442,0.40275453900002295,-0.9090971249019053
3156,-0.21500604939838286,-1.3061751778675756,0.40275453900002295,-0.9090971249019053
3157,-0.20133566886049184,-1.3439562845212134,0.40275453900002295,-0.9090971249019053
3158,-0.19413185636934685,-1.3747213544386478,0.40275453900002295,-0.909829551692423
3159,-0.18911743504385264,-1.3949623692517978,0.40275453900002295,-0.9109281918781965
3160,-0.19350070873459474,-1.405767400719891,0.40275453900002295,-0.9129890639045283
3161,-0.20650078837617927,-1.4102817766246132,0.40275453900002295,-0.9136760212466398
3162,-0.22200612372693754,-1.3345651100408404,0.40275453900002295,-0.9151402194121979
3163,-0.24455746993551028,-1.2387906828349575,0.40275453900002295,-0.9155062689535896
3164,-0.25579040292868765,-1.2329554835943117,0.40275453900002295,-0.9140420707880315
3165,-0.27026921004542287,-1.2496050913449819,0.40275453900002295,-0.9136760212466398
3166,-0.267232595969357,-1.359743271392406,0.40275453900002295,-0.9173371720760108
3167,-0.24080072764594965,-1.4932535945140013,0.40275453900002295,-0.9182524597833528
3168,-0.2669073507990778,-1.5662376762559498,0.40275453900002295,-0.9200843460289826
3169,-0.3072445166899854,-1.610599504826397,0.4464194571506403,-0.921458670347875
3170,-0.31963616231923997,-1.6347252941569543,0.49008437530125665,-0.9228329946667673
3171,-0.3524759751084335,-1.7058208779261086,0.49008437530125665,-0.9248920233370843
3172,-0.37024607160839207,-1.7784525742593573,0.5774142116024898,-0.925578366227192
3173,-0.3862690888694479,-1.731975935679461,0.6123461461229828,-0.9274102524728218
3174,-0.3968240266824928,-1.630523039791049,0.6647440479037225,-0.9303396319271465
3175,-0.40109764627747124,-1.492419305696951,0.6647440479037225,-0.9347337011086365
3176,-0.4487698825503256,-1.40521924563971,0.699675982424215,-0.9372983418525183
3177,-0.4925156070733453,-1.3519549682737018,0.7520738842049552,-0.9411453029683423
3178,-0.5450155753376601,-1.247027476473809,0.7520738842049552,-0.9438919034327748
3179,-0.5844637561404091,-1.1076578417180112,0.7520738842049552,-0.9466385038972102
3180,-0.6349174420728102,-1.0922861908258326,0.8219377532459416,-0.9481033574782397
3181,-0.6540265148329585,-1.0959552933786487,0.8612361795814966,-0.9496140901423475
3182,-0.6548221328246968,-1.1281855260989913,0.9267335568074216,-0.9530476479488915
3183,-0.6706833467730636,-1.2578504965529644,0.9849534476749099,-0.9548789880149623
3184,-0.6784375678985886,-1.3805438276938071,1.0140633931086553,-0.9557946580479962
3185,-0.6910240582611188,-1.2155246342924237,1.101393229409888,-0.957626544293626
3186,-0.6821863942641571,-0.897029194747845,1.101393229409888,-0.9606775033181023
3187,-0.6691468385317172,-0.5583232636184685,1.101393229409888,-0.962202982830339
3188,-0.6916501022651068,-0.5480453558650751,1.101393229409888,-0.9649516314681238
3189,-0.6951001826865552,-0.5308974253142339,1.101393229409888,-0.966782534590545
3190,-0.7030193926135765,-0.5091694795651123,1.101393229409888,-0.9695288892741754
3191,-0.7063779567923539,-0.4704757857942395,1.101393229409888,-0.9660959459196381
3192,-0.7006224385585582,-0.4924783449144267,1.101393229409888,-0.9612878589768642
3193,-0.622531970521835,-0.7742316636205638,1.0315293603689015,-0.9603719158540478
3194,-0.4820378435266226,-1.0291054636349313,1.101393229409888,-0.9512165809726032
3195,-0.358284745195429,-1.1764611888821925,1.101393229409888,-0.9512165809726032
3196,-0.30573780445453375,-1.2712151894546107,1.101393229409888,-0.9484695708734986
3197,-0.25552317058045937,-1.2870666030147857,1.0140633931086553,-0.9480118041294264
3198,-0.22128324942405297,-1.2796224043567817,1.057728311259271,-0.9466385038972102
3199,-0.18184768986867952,-1.258662144375156,1.0358958521839634,-0.9390844309420077
3200,-0.11628445319939662,-1.206933251317263,1.0140633931086553,-0.9365664066236078
3201,-0.012422801999600346,-1.2373411835194534,1.0140633931086553,-0.9393142359920511
3202,-0.004523910799828361,-1.390954353611761,0.9267335568074216,-0.9393142359920511
3203,-0.019566374936968688,-1.3917681468942908,0.9267335568074216,-0.9393142359920511
3204,-0.026423779517305183,-1.380694530153535,0.9267335568074216,-0.9393142359920511
3205,-0.03090006468714676,-1.351789798377843,0.9267335568074216,-0.9387646701183636
3206,-0.034470140186217905,-1.3365809061421565,0.9267335568074216,-0.9365664066236078
3207,-0.038104548348199,-1.3586992047514201,0.9267335568074216,-0.9356500538661222
3208,-0.0069973863570707085,-1.5164304272003817,0.9267335568074216,-0.9347337011086365
3209,-0.00011308932262889889,-1.6495838868973638,0.9267335568074216,-0.9329034534016897
3210,0.019435198109192347,-1.684426295586303,0.9267335568074216,-0.9319883295482148
3211,0.028267395838179905,-1.7192687042752557,0.9922309340333466,-0.9340473582185318
3212,0.06180104764066537,-1.7541111129642086,1.0140633931086553,-0.9347337011086365
3213,0.05177023873579567,-1.6893452238718039,1.0140633931086553,-0.9365664066236078
3214,0.013379956968141156,-1.55817380292517,1.0140633931086553,-0.9365664066236078
3215,-0.01770458865171487,-1.4112690451830108,1.0140633931086553,-0.9365664066236078
3216,-0.03276557836242116,-1.2643642874408378,1.0140633931086553,-0.9365664066236078
3217,-0.03995216609973752,-1.172526208483031,1.0140633931086553,-0.9365664066236078
3218,-0.04420652380324538,-1.0986518627247066,1.0140633931086553,-0.9393142359920511
3219,-0.047614585906597826,-1.051723116765627,1.0140633931086553,-0.9396804493873099
3220,-0.08438054626746802,-1.008695756083972,1.0140633931086553,-0.9411453029683423
3221,-0.09799573241180479,-0.9666437417216697,1.0140633931086553,-0.9402295236993959
3222,-0.12575357678814553,-1.0174292650300834,1.0140633931086553,-0.9365664066236078
3223,-0.07312511137572542,-1.0755371194517351,1.0140633931086553,-0.9356500538661222
3224,-0.057654765507646956,-1.0700967606555831,1.0140633931086553,-0.9347337011086365
3225,-0.04076649928766233,-1.087350383864834,1.0140633931086553,-0.9325374038602979
3226,-0.027615872126680072,-1.1197333284110431,1.0140633931086553,-0.9319883295482148
3227,-0.004687619498821679,-1.1344708233526957,1.0140633931086553,-0.9319883295482148
3228,0.014755254306971815,-1.1374446852246387,1.0140633931086553,-0.9319883295482148
3229,0.018257451756584747,-1.0484592363822844,1.0140633931086553,-0.9319883295482148
3230,0.01556308048552425,-0.9364839598613591,0.9922309340333466,-0.9319883295482148
3231,0.010302899768659658,-0.7388075434370687,0.9267335568074216,-0.9319883295482148
3232,0.004639595486048145,-0.6298948757921524,0.9267335568074216,-0.9306144148639918
3233,-0.00024271871324979343,-0.6541278313163107,0.9267335568074216,-0.930156443302585
3234,0.005677378257773147,-0.6474728106947456,0.8394037205061889,-0.930156443302585
3235,0.016757533917926178,-0.6202258059760593,0.8394037205061889,-0.930156443302585
3236,0.01747999438977526,-0.5315725723338143,0.8394037205061889,-0.930156443302585
3237,0.014008674351448513,-0.43164036473235584,0.8394037205061889,-0.9283252124724266
3238,0.009598277178046835,-0.28659226129402915,0.810293775072444,-0.925578366227192
3239,0.039364751939372396,-0.1499045275115374,0.7302414251296471,-0.925578366227192
3240,0.07135256161594676,-0.046658272352371834,0.6647440479037225,-0.925578366227192
3241,0.07520456751349262,0.01982261073171435,0.599246670677798,-0.9214578510785335
3242,0.08575213315860872,0.06179324576577064,0.5774142116024898,-0.9200843460289826
3243,0.140288345741129,0.056458378691420945,0.49008437530125665,-0.9182524597833528
3244,0.15890809283469343,0.049490566742344255,0.45515244078076317,-0.9171539834514464
3245,0.16955595514869853,0.04007333748116328,0.3536315060805799,-0.9155062689535896
3246,0.18987056891402118,0.07433771851346982,0.30450847316113644,-0.9141335831733772
3247,0.19824138030720054,0.13772317307476808,0.2062624073222484,-0.9136760212466398
3248,0.21343266053371635,0.11490079257367554,0.12439068578984262,-0.9075710992101096
3249,0.2106901952303397,0.09207841207256916,0.13421529237373148,-0.9063501148028036
3250,0.2757273571123634,-0.1636576339862465,0.027236242904720338,-0.8953614189909134
3251,0.3064406331128537,-0.419393680045076,-0.036077888413673216,-0.8926142450379415
3252,0.4766455000299653,-0.9879639201042039,0.0425189642574366,-0.8825446055723607
3253,0.5200105068474369,-1.4508441808960968,0.1189325710210157,-0.8825446055723607
3254,0.6223645312286396,-1.49096452461905,0.05343519379509069,-0.8807135385960723
3255,0.664795895618045,-1.403219524467436,-0.036077888413673216,-0.8801638088685148
3256,0.6723858684547903,-1.1236765085039637,-0.04481087204379634,-0.877506918396878
3257,0.6822162064419068,-0.8812093116825893,-0.03935275727496942,-0.8761330037126549
3258,0.665127123103773,-0.6634593276226135,-0.04208181465938325,-0.8809417051074356
3259,0.6064211412001169,-0.6639770348960355,-0.11467474108478304,-0.8825446055723607
3260,0.4945987813982293,-0.6644947421694573,-0.12559097062243713,-0.8880378065012285
3261,0.40362415457933226,-0.6650124494428653,-0.15615641332786892,-0.889869201185254
3262,0.331090953969995,-0.5317122232798265,-0.19217997080212737,-0.8971947799213561
3263,0.17053640425840005,-0.30920004149248037,-0.13214070834502953,-0.9031459524116306
3264,0.08411716420626153,-0.15647214070645343,-0.12122447880737569,-0.9090971249019053
3265,-0.07011108743195528,-0.0037442399204403475,-0.12122447880737569,-0.9145903258307733
3266,-0.12554842480272296,0.11613454337730442,-0.06882657702663549,-0.9182524597833528
3267,-0.27543615250651904,0.28833219727702925,-0.033894642506142256,-0.9196263744675759
3268,-0.31451470788495656,0.6698053335847295,-0.033894642506142256,-0.9200843460289826
3269,-0.33117191564596643,0.8223945881078069,-0.019339669789270795,-0.9228329946667673
3270,-0.33883890865390387,0.8223945881078069,0.05343519379509069,-0.9228329946667673
3271,-0.3544256483535715,0.705218000381295,-0.033894642506142256,-0.925578366227192
3272,-0.36583285209704375,0.5587472657231382,-0.033894642506142256,-0.9244795621875483
3273,-0.3864869365815597,0.4365936120510927,-0.033894642506142256,-0.9200843460289826
3274,-0.3936537419282937,0.3205192286255855,-0.06882657702663549,-0.9193515915307306
3275,-0.33209588375337007,0.14123018675980029,-0.08629254428688221,-0.9182524597833528
3276,-0.28229670319579575,0.018011167165793304,-0.033894642506142256,-0.9164216658968469
3277,-0.23590583086574088,0.11907223665892673,-0.033894642506142256,-0.9155062689535896
3278,-0.19849160778065872,0.4685391845697303,-0.05572710158145067,-0.9155062689535896
3279,-0.16433110982341598,0.9836100514256749,-0.12122447880737569,-0.9147741698708091
3280,-0.1509550007350606,1.003719787651695,-0.15615641332786892,-0.9136760212466398
3281,-0.12998149108217535,1.023829523877701,-0.21292080692367008,-0.912576889499262
3282,-0.09113750085426114,0.9683348501077221,-0.2500359873516945,-0.9109281918781965
3283,-0.06231492349495062,0.9128401763377428,-0.2958841514098418,-0.9072654025101455
3284,-0.05202520189508661,0.47420894599903674,-0.33954906956045816,-0.9017712184580691
3285,0.03714853178398051,-0.042312013413836384,-0.3995883320175558,-0.8958200459677915
3286,0.09583428613334036,-0.8703918891233637,-0.3941302172487289,-0.8898688734775169
3287,0.25941421981023177,-1.223624676213538,-0.3832139877110748,-0.8852907964021238
3288,0.373758218030835,-1.1414436322060817,-0.3941302172487289,-0.8852907964021238
3289,0.37859055575456707,-0.5838661667931009,-0.2958841514098418,-0.8852907964021238
3290,0.3608873879068382,-0.47052610290150765,-0.3832139877110748,-0.8898688734775169
3291,0.3241649530856694,-0.46824538939026833,-0.3875804795261362,-0.8927992360550532
3292,0.25175309782681454,-0.35870814377337745,-0.43233702063051827,-0.8971947799213561
3293,0.1766052972008247,-0.20324053924837993,-0.4705438240123077,-0.9010392832291557
3294,0.09212732342001217,0.13594850090901647,-0.4705438240123077,-0.9036022854343574
3295,0.03573743386562061,0.3992039968984068,-0.5196668569317515,-0.9013140661660008
3296,-0.05883131265769582,0.3587253162156487,-0.5687898898511953,-0.8990258468976444
3297,-0.05188983514320479,-0.10767106738772432,-0.49892602081020876,-0.8902354145805129
3298,-0.026916923318818817,-0.8580125862715233,-0.47272706991983865,-0.8880378065012285
3299,0.0614667091454439,-1.4162392123048124,-0.3832139877110748,-0.8852907964021238
3300,0.14839720825156777,-1.8463892431044207,-0.2958841514098418,-0.8875800397571565
3301,0.19924003661280407,-1.586683694256382,-0.25221923325922496,-0.8944477698222514
3302,0.1794733346270763,-0.8474971714415879,-0.14305693788268362,-0.9033745285576633
3303,0.031452736114792684,0.6109108123233052,-0.12122447880737569,-0.9063501148028036
3304,-0.1463672383528298,0.9025924090762812,-0.12122447880737569,-0.9155062689535896
3305,-0.2345498403627925,0.9025924090762812,-0.12122447880737569,-0.9155062689535896
3306,-0.3345133726968658,0.5554221666517154,-0.2085543151086084,-0.9182524597833528
3307,-0.3766350441098456,0.121459363621001,-0.2085543151086084,-0.9182524597833528
3308,-0.4107024942900228,-0.4688481992291794,-0.12122447880737569,-0.9136760212466398
3309,-0.38181556406421835,-1.0599286982505967,-0.1037585115471287,-0.9136760212466398
3310,-0.3303923672082189,-1.4977561821374397,-0.012062183430834079,-0.9136760212466398
3311,-0.3072893686463377,-1.735215033880539,0.12329906283607764,-0.9118444627087472
3312,-0.29110667287324304,-1.6721209374080432,0.2717597845481734,-0.9090971249019053
3313,-0.23416768443601807,-1.4379692659183994,0.36782260447952997,-0.9074489188424443
3314,-0.19835328873726737,-1.089779211084004,0.45515244078076317,-0.9063501148028036
3315,-0.15500126426343008,-0.741589156249609,0.5555817525271817,-0.9063501148028036
3316,-0.12492030770556224,-0.487561024121823,0.5774142116024898,-0.9063501148028036
3317,-0.11671320150143161,-0.6101805828204745,0.5774142116024898,-0.9040606666304363
3318,-0.11325801933260413,-0.7328001415191122,0.5774142116024898,-0.9017712184580691
3319,-0.0540701874308582,-0.8496922030016664,0.5774142116024898,-0.8971947799213561
3320,-0.03385589558890269,-0.9436742756198716,0.5774142116024898,-0.8971947799213561
3321,0.04066994455409084,-1.0376563482380632,0.6298121133832291,-0.8944477698222514
3322,0.0855481775506675,-1.024635426075786,0.6647440479037225,-0.8898688734775169
3323,0.15111651220055788,-0.5836025247915764,0.6647440479037225,-0.8892585178187551
3324,0.17813140915728148,-0.32962055967987314,0.6647440479037225,-0.8880378065012285
3325,0.18817144151187135,-0.12240132861130681,0.6647440479037225,-0.8858401984219443
3326,0.20366753560636264,-0.15355989939580433,0.5250163098217496,-0.8852907964021238
3327,0.21424518019315716,-0.20739751589750005,0.5774142116024898,-0.8825446055723607
3328,0.20498809321788614,-0.3519513152679197,0.5992466706777975,-0.880255362217328
3329,0.22777152073467324,-0.45376288301047674,0.43768647352051643,-0.8733876321522331
3330,0.252241052902808,-0.5270796296678013,0.5337492934518725,-0.8710985936145352
3331,0.3433161254918998,-0.5515386388815444,0.4464194571506403,-0.8688095550768401
3332,0.3877531995357477,-0.5745247827222194,0.49008437530125665,-0.861483648633001
3333,0.4120471856736922,-0.5953016285032919,0.5774142116024898,-0.861483648633001
3334,0.47554073039229244,-0.5952440971783103,0.5599482443422431,-0.8569063908269494
3335,0.501884775905047,-0.581296981115973,0.468251916225948,-0.8569063908269494
3336,0.5373876379324863,-0.5673498650536357,0.40275453900002295,-0.8569063908269494
3337,0.5416757892691141,-0.5534027489912847,0.40275453900002295,-0.8569063908269494
3338,0.5205182674282826,-0.2931894121710421,0.3590896208494066,-0.8569063908269494
3339,0.4892225221027326,-0.0236683107160537,0.31542470269878975,-0.8569063908269494
3340,0.462787587856927,0.036817628520081996,0.1756969646168166,-0.8569063908269494
3341,0.4355484653618046,0.07368601409873743,0.21062889913731084,-0.8473832040115631
3342,0.40666970217798204,0.016084185047416606,0.14076503009632338,-0.8450024073077173
3343,0.4422893192331469,-0.07656634761550363,0.14076503009632388,-0.8404259687710042
3344,0.531691868088504,-0.22178993569580913,0.12329906283607665,-0.8395098617943207
3345,0.5740833104243277,-0.2948260408836928,0.0752676528703991,-0.8358454338875897
3346,0.5908019559143721,-0.31973715747660547,0.09710011194570728,-0.8326412714964198
3347,0.6178736608975047,-0.4177841777751833,0.10583309557583065,-0.8294371091052469
3348,0.6963071472657862,-0.4203099510002209,0.05343519379509069,-0.8266900990061422
3349,0.7036220902552759,-0.2795538536149276,-0.09939201973206702,-0.8273768515309191
3350,0.699212820715805,-0.11471215422166188,-0.1037585115471287,-0.8294371091052469
3351,0.6455046575857131,0.056150945673576265,-0.1503344242411201,-0.8257744289731083
3352,0.5782074782875121,0.16483755962890786,-0.2085543151086084,-0.8239430889070375
3353,0.606442610076308,0.17063176780049957,-0.30025064322490325,-0.8239430889070375
3354,0.5925181333721278,0.15070287452616662,-0.3417323154679889,-0.8221118580768791
3355,0.5703709635129524,0.14168242809673084,-0.40286320087885225,-0.8193650118316446
3356,0.5539250304506005,0.13538909337851243,-0.44325325016817213,-0.8170763829286187
3357,0.5704517983947398,0.21964904891479237,-0.4705438240123077,-0.814787754025593
3358,0.5778604560507765,0.326547327014683,-0.4312453976767528,-0.8120394330955425
3359,0.5947106867981726,0.30201296657108284,-0.5305830864694053,-0.8102072191421784
3360,0.6007718909642444,0.2774786061274689,-0.6255542834469964,-0.8094754477671351
3361,0.6208685828235035,0.24381502556794835,-0.5305830864694056,-0.8083777907045702
3362,0.6128782579931729,0.21696252639938762,-0.6124548080018116,-0.8063175331302423
3363,0.595453651339471,0.21735435279466606,-0.6561197261524282,-0.8056307806054654
3364,0.5957561572048063,0.247233627143269,-0.7674652674365002,-0.8056307806054654
3365,0.577031766675511,0.29677120012740327,-0.8198631692172402,-0.8044866709712858
3366,0.5499550090842246,0.20057627233935887,-0.7816563658354505,-0.8010543420687525
3367,0.527710777555163,0.08456862793622384,-0.9399416941314355,-0.7989934700424207
3368,0.5442813205018986,0.03504261784494615,-0.9290254645937815,-0.7983065127003092
3369,0.5481560297488595,-0.06753960517219816,-0.8662571447522701,-0.7937267970862333
3370,0.5842774293498416,-0.20549263680654087,-0.9071930055184732,-0.7918958939638121
3371,0.5865574140707577,-0.26587911241926315,-0.9217479782353456,-0.7891495392801817
3372,0.6004781970575559,-0.27636498956708777,-0.9144704918769094,-0.7940323845502849
3373,0.5006808363477969,-0.2119999690175658,-0.9071930055184732,-0.796473807185338
3374,0.44464286040912676,-0.12343333905551439,-1.0163553008950146,-0.796473807185338
3375,0.41094529419064707,-0.02881630674034095,-1.0054390713573604,-0.796473807185338
3376,0.3770273676533237,0.1829786911524169,-1.0527427326871952,-0.8028837705063607
3377,0.2573252822336757,0.38968161080976366,-0.9945228418197063,-0.8070042856550164
3378,0.1944653304683519,0.5448046760223928,-0.9945228418197063,-0.8083777907045702
3379,0.10561205028583509,0.6026583456286396,-0.9945228418197063,-0.8083777907045702
3380,0.0698305511582471,0.5956657514972843,-1.0381877599703229,-0.8083777907045702
3381,0.049822702276484714,0.5067965109961078,-0.9508579236690897,-0.8092925049233729
3382,0.01545357063992559,0.47478429450083576,-0.9945228418197063,-0.8102072191421784
3383,-0.0008352307604818068,0.5280576140144343,-0.9945228418197063,-0.8083777907045702
3384,-0.00770180828157861,0.564882789742982,-0.9945228418197063,-0.8083777907045702
3385,0.010335639505221608,0.5975959295252703,-0.9945228418197063,-0.8056307806054654
3386,0.021032008312843867,0.5030345002709071,-0.9945228418197063,-0.8056307806054654
3387,0.049178524699824255,0.4153326047168713,-0.9945228418197063,-0.8010543420687525
3388,0.1087752535126455,0.35506884396421406,-1.0527427326871952,-0.8010543420687525
3389,0.1222493660775022,0.20481590814535594,-1.0818526781209397,-0.8010543420687525
3390,0.1193906103146872,0.10046952503018447,-1.1080516290113096,-0.8010543420687525
3391,0.1108961739618379,0.2697385277958776,-1.1400725689884281,-0.8010543420687525
3392,0.09987045711544651,0.3892724307979076,-1.0818526781209397,-0.8010543420687525
3393,0.09010878220687614,0.4756496006241392,-1.0294547763401996,-0.8038002051907814
3394,0.08001482682917742,0.6892562847724991,-1.1058683831037783,-0.8056307806054654
3395,0.010088204158076474,1.0937072404040449,-1.2783448097987138,-0.8083777907045702
3396,-0.026194885923716545,1.1627741776970737,-1.2865319819519545,-0.8076910381797933
3397,-0.06700258520320891,1.1579547130349859,-1.3089102525041454,-0.8056307806054654
3398,-0.07433933337295201,1.0423056454402584,-1.2637898370818417,-0.8037994405393976
3399,-0.03209043451294851,0.9304315070145311,-1.3372924493020462,-0.8028837705063607
3400,-0.0004692103061695565,0.8195011008810473,-1.3438421870246389,-0.796473807185338
3401,0.004509159093513826,0.7544880597546889,-1.3820489904064284,-0.7957870546605611
3402,0.08772674199236052,0.684918487952804,-1.3875071051752554,-0.7937267970862333
3403,0.11543518518162568,0.6085141201375944,-1.3438421870246389,-0.792354111306021
3404,0.1455829474580515,0.5723667234275767,-1.3438421870246389,-0.7918965493792834
3405,0.15651094787293032,0.5462835694938503,-1.442088252863526,-0.7891495392801817
3406,0.16671986506759792,0.5336607314670926,-1.45300448240118,-0.7891495392801817
3407,0.17898479655783434,0.5210378934403349,-1.5257793459855409,-0.7914387143627695
3408,0.1927302150042642,0.4469783989457855,-1.518501859627105,-0.7918965493792834
3409,0.15873350133823774,0.39666616747659095,-1.5643500236852523,-0.786402529181077
3410,0.126557831718277,0.36218544469098474,-1.6549547288477817,-0.7854874053276022
3411,0.17981304076938762,0.3511098185841036,-1.6473133681714236,-0.7845722814741273
3412,0.19049118277678273,0.345885466646883,-1.616747925465992,-0.7859449672543396
3413,0.20831687337594565,0.293963445855508,-1.6080149418358687,-0.786402529181077
3414,0.18229410936424764,0.26024896135402725,-1.6058316959283379,-0.7937267970862333
3415,0.16478695052412334,0.29936462201213787,-1.6058316959283379,-0.7937267970862333
3416,0.049417766295163014,0.37502931299201436,-1.6232976631885845,-0.7918965493792834
3417,0.01594337571358432,0.5055175494545536,-1.6713290731542627,-0.792354111306021
3418,0.009097238226848839,0.5280787123587893,-1.5708997614078446,-0.7937267970862333
3419,-0.010420583341831447,0.47868849289084103,-1.518501859627105,-0.7929946980034528
3420,-0.02011906965823681,0.3675276794411403,-1.518501859627105,-0.7918965493792834
3421,-0.014805069932479068,0.2409242174960222,-1.5621667777777213,-0.7918965493792834
3422,-0.0024846676191419745,0.08479646921855032,-1.6058316959283379,-0.7918965493792834
3423,-0.002784434015467992,-0.03032949339375509,-1.466103957846365,-0.7875013332207177
3424,-0.006343149792642264,0.018551686654688218,-1.4311720233258718,-0.786402529181077
3425,0.044285338232896265,0.06695061883198881,-1.4311720233258718,-0.7891495392801817
3426,0.07566077471192227,0.11462617920260988,-1.4311720233258718,-0.7900649908413908
3427,0.0416648375141431,0.22885383695692382,-1.45300448240118,-0.7937267970862333
3428,0.01086694753436722,0.38744955963369515,-1.4748369414764881,-0.7973905695774929
3429,-0.049682581526703344,0.5460452823104663,-1.4311720233258718,-0.8010543420687525
3430,-0.11059644746716495,0.6843055893653344,-1.4311720233258718,-0.8047154928981235
3431,-0.1895273469281958,0.7412242339325604,-1.3438421870246389,-0.8056307806054654
3432,-0.2467845555098597,0.851066903201171,-1.3438421870246389,-0.8129558677799632
3433,-0.33977753976918074,1.040295609521851,-1.4311720233258718,-0.8129558677799632
3434,-0.407576357791076,1.1734388884304325,-1.4311720233258718,-0.8129558677799632
3435,-0.41674096628518664,1.269191882397606,-1.45300448240118,-0.812268705620517
3436,-0.3737109691328437,1.2419381797918223,-1.4748369414764881,-0.8102072191421784
3437,-0.34489879644804505,1.1301957925986854,-1.4311720233258718,-0.8102072191421784
3438,-0.32701767868607035,0.8035053636291775,-1.3438421870246389,-0.8102072191421784
3439,-0.313156543356526,0.6480323536130016,-1.4311720233258718,-0.8056307806054654
3440,-0.26639596898263573,0.6067042895657322,-1.4311720233258718,-0.8050813785856451
3441,-0.22158665520495763,0.5278697382813093,-1.4311720233258718,-0.8028837705063607
3442,-0.17341038128963945,0.43965856518759466,-1.4311720233258718,-0.8010528673839395
3443,-0.1414775450513221,0.3859934192787039,-1.4311720233258718,-0.7983065127003092
3444,-0.07610917622958631,0.36744112331014095,-1.5010358923668583,-0.7983065127003092
3445,-0.053278754834115365,0.4015581022520626,-1.4486379905861186,-0.7983065127003092
3446,-0.045463484641721515,0.4469754590310114,-1.518501859627105,-0.796473807185338
3447,-0.028105866566134063,0.5093433825655004,-1.45300448240118,-0.7937267970862333
3448,0.017744742667407765,0.5102325270778875,-1.518501859627105,-0.7928116732327584
3449,0.02719152474493938,0.49569094533388813,-1.6232976631885845,-0.7918965493792834
3450,0.04722261745052223,0.45800327420527476,-1.6407636304488311,-0.7929946980034528
3451,0.055192934740161355,0.3749941255268188,-1.6058316959283379,-0.7937267970862333
3452,0.023975517111531654,0.2240027605235579,-1.6058316959283379,-0.7937267970862333
3453,0.010428250165761687,0.15833721308347384,-1.6058316959283379,-0.7966578150792409
3454,0.0027770287945603303,0.1219355833937408,-1.5621667777777213,-0.8010543420687525
3455,-0.004741156256800207,0.11726380714219335,-1.5185018596271047,-0.8010543420687525
3456,-0.08318800750132165,0.3388767975864993,-1.518501859627105,-0.8010543420687525
3457,-0.13716588450481537,0.711346299161388,-1.5839992368530298,-0.8010543420687525
3458,-0.1484383577380814,0.5370123541714247,-1.6058316959283379,-0.8010543420687525
3459,-0.15066521216973316,0.23771994830786225,-1.518501859627105,-0.7983065127003092
3460,-0.14264659530199378,-0.01460285448531348,-1.4966694005517966,-0.7978483363215649
3461,-0.1101276243718834,-0.21459104664180734,-1.4748369414764881,-0.796473807185338
3462,-0.08643905596248065,-0.3360773228433059,-1.3875071051752554,-0.796473807185338
3463,-0.06590989811345262,-0.2640947952961,-1.4311720233258718,-0.796473807185338
3464,-0.06171421341549021,-0.06313306524977161,-1.4311720233258718,-0.7983065127003092
3465,-0.06715652713016916,0.03423579398003805,-1.4311720233258718,-0.8001374158227305
3466,-0.08802902132886592,0.17946708463051742,-1.3962400888053785,-0.8028837705063607
3467,-0.11026497282996735,0.3964920224120151,-1.3438421870246389,-0.8028837705063607
3468,-0.16573965061867263,0.3799502506436405,-1.3438421870246389,-0.8028837705063607
3469,-0.17938737018331158,0.2076973391753512,-1.4311720233258718,-0.8028837705063607
3470,-0.18037942094426682,0.20120206316110445,-1.3438421870246389,-0.8028837705063607
3471,-0.17759252687542637,0.10227795454691788,-1.3438421870246389,-0.8028837705063607
3472,-0.1751098930735346,-0.13528940296718536,-1.2783448097987138,-0.8049440280806885
3473,-0.170419288627665,-0.21824809299785897,-1.3438421870246386,-0.8056307806054654
3474,-0.19246655575930516,-0.2319129308890142,-1.2565123507234057,-0.8028837705063607
3475,-0.20823610022595326,-0.1230110277055119,-1.1400725689884281,-0.8077660695969049
3476,-0.20452008071393749,0.019331320713008682,-1.1691825144221721,-0.8102072191421784
3477,-0.26204583773039997,0.170033780440308,-1.1691825144221721,-0.8102072191421784
3478,-0.2763127740286057,0.3207362401675935,-1.1691825144221721,-0.8102072191421784
3479,-0.27267501172925657,0.309801269689787,-1.1691825144221721,-0.8102072191421784
3480,-0.26400215247571707,0.1911080124085721,-1.2390463834631589,-0.8102072191421784
3481,-0.2561728835966865,0.1405121732627877,-1.0818526781209397,-0.8102072191421784
3482,-0.24837042042191038,0.09046020254945386,-1.0818526781209397,-0.8129558677799632
3483,-0.2490686520025417,0.04258370556586704,-0.9945228418197063,-0.8129558677799632
3484,-0.2712596188371407,-0.030548179407534008,-1.0818526781209397,-0.8083777907045702
3485,-0.24333311562691554,-0.14156314636562878,-1.0818526781209397,-0.8070042856550164
3486,-0.19324819989084466,-0.25257811332373736,-1.0818526781209392,-0.8028837705063607
3487,-0.10628367401137327,-0.388162102291187,-0.9945228418197063,-0.8028837705063607
3488,-0.07461304005667806,-0.6220221792960007,-0.972690382744398,-0.8035705230311376
3489,-0.06651813599692324,-0.5832856190476956,-0.9071930055184732,-0.8056307806054654
3490,-0.08705971144804768,-0.3628179672973208,-0.9071930055184732,-0.8070042856550164
3491,-0.13671111321618856,0.08829674728517974,-0.9071930055184732,-0.8083777907045702
3492,-0.16533236485780833,0.42322516594430076,-0.9071930055184732,-0.8129558677799632
3493,-0.18268326258787432,0.49738149215630545,-0.9071930055184732,-0.8145581537928842
3494,-0.2315298702731271,0.5437466918770468,-0.9071930055184732,-0.8193650118316446
3495,-0.27416584274921174,0.583164109974993,-0.9071930055184732,-0.8193650118316446
3496,-0.3324033925739832,0.6225815280729257,-0.9071930055184732,-0.8193650118316446
3497,-0.3463792697068935,0.661998946170858,-0.972690382744398,-0.8214252694059723
3498,-0.34219957623122993,0.5338867851566912,-0.9246589727787199,-0.8221120219307492
3499,-0.3634836238725852,0.4478594581516057,-0.9770568745594598,-0.8221120219307492
3500,-0.36410693868057287,0.4249593821601493,-0.9071930055184732,-0.8221120219307492
3501,-0.3542962010234929,0.40205930616870666,-0.9071930055184732,-0.8196705992956962
3502,-0.3452224090660116,0.37915923017725023,-0.9071930055184732,-0.814787754025593
3503,-0.2320896692080116,0.48169235481269074,-0.9508579236690897,-0.8184498879781725
3504,-0.2376087040637187,0.5985695421226633,-0.9945228418197063,-0.8221120219307492
3505,-0.2900752927542412,0.6473897795038686,-1.0818526781209397,-0.8175347641246976
3506,-0.25008510715194643,0.6483272190243949,-1.0643867108606928,-0.8160692551281938
3507,-0.2178288666665257,0.6173427933044596,-1.0600202190456312,-0.8102072191421784
3508,-0.10738153213995293,0.4730301178696044,-1.212847432572789,-0.8056307806054654
3509,-0.03648723861234362,0.27031196128978047,-1.1691825144221721,-0.8010543420687525
3510,0.08003386613879099,-0.052699870154999016,-1.1910149734974809,-0.7937267970862333
3511,0.11038981093823075,-0.11734409359775641,-1.2565123507234057,-0.7951003021357842
3512,0.20356759977690886,-0.16154110166296004,-1.2565123507234055,-0.796473807185338
3513,0.2147093866410935,-0.3823168562199017,-1.2565123507234055,-0.796473807185338
3514,0.18144814421254146,-0.47401628891475905,-1.3089102525041456,-0.796473807185338
3515,0.16075884899041726,-0.37210123881652457,-1.3438421870246386,-0.7999092083478996
3516,0.14514223538120483,-0.04039535049755203,-1.3438421870246389,-0.8010543420687525
3517,0.10783011615847189,0.4445044299685838,-1.3438421870246389,-0.8056307806054654
3518,0.05143824847916376,0.7356135162579326,-1.3438421870246389,-0.8056307806054654
3519,-0.007273099188195528,0.8975288064294555,-1.45300448240118,-0.8028837705063607
3520,-0.057394892200724634,0.6835072012231381,-1.534876203933586,-0.8028837705063607
3521,-0.04561999564271852,0.4694855960168208,-1.518501859627105,-0.8028837705063607
3522,-0.03396310128423943,0.37195096408131745,-1.5266890317803454,-0.8049440280806885
3523,-0.03358032127217965,0.32542308666512065,-1.518501859627105,-0.8056307806054654
3524,-0.053098746893776444,0.3128997122617765,-1.518501859627105,-0.8010543420687525
3525,-0.03892118876828836,0.3314059743162929,-1.518501859627105,-0.8010543420687525
3526,-0.01423207232151519,0.26439763262313876,-1.518501859627105,-0.8010543420687525
3527,-0.012830032628650847,0.06911738530851323,-1.518501859627105,-0.8010543420687525
3528,-0.015413155575666153,0.005659593566545666,-1.5359678268873516,-0.8014202277562741
3529,-0.018138260293208034,-0.02484258428226087,-1.6080149418358687,-0.8028837705063607
3530,-0.02677451339211277,-0.056731224760549204,-1.6145646795584614,-0.8028837705063607
3531,-0.05129299036890787,-0.08861986523883869,-1.6058316959283379,-0.8028837705063607
3532,-0.06225737101783661,-0.014380484633624735,-1.6058316959283379,-0.8058131499606884
3533,-0.06697169960775907,0.09157205180788382,-1.5621667777777213,-0.8102072191421784
3534,-0.10665354410450892,0.3243772115946029,-1.518501859627105,-0.8118564083248481
3535,-0.17622511104600672,0.4640603074666344,-1.518501859627105,-0.8129558677799632
3536,-0.2129393603337762,0.4640603074666344,-1.518501859627105,-0.8157032055868021
3537,-0.24428593719165978,0.48792086046808464,-1.518501859627105,-0.8175347641246976
3538,-0.2843509864893844,0.5475722429717033,-1.518501859627105,-0.8175347641246976
3539,-0.3221682535243954,0.4944970373900794,-1.518501859627105,-0.8184502156859068
3540,-0.3210552072659786,0.38312303976243817,-1.518501859627105,-0.8221120219307492
3541,-0.32376185401206065,0.3391581088446624,-1.518501859627105,-0.8228444487212639
3542,-0.37015596448009275,0.2799874558242598,-1.4748369414764881,-0.8239430889070375
3543,-0.395642476577166,0.19800821964993767,-1.4311720233258718,-0.8239430889070375
3544,-0.39460609093463395,0.22382576702315887,-1.4311720233258718,-0.8239430889070375
3545,-0.3825097554987833,0.3215078367613997,-1.4311720233258718,-0.8266900990061422
3546,-0.37193120032390514,0.3424339497406782,-1.3875071051752554,-0.8289795471785094
3547,-0.4072748977751068,0.363705943861138,-1.3438421870246389,-0.8312689953508767
3548,-0.4558336924231581,0.385208525409043,-1.4137060560656254,-0.833466603430161
3549,-0.4910642911816789,0.4067111069569617,-1.3263762197643925,-0.833466603430161
3550,-0.4851267189666264,0.36382508745282305,-1.2565123507234057,-0.8312689953508767
3551,-0.44904234328930465,0.063384663740496,-1.2739783179836521,-0.8303532160819304
3552,-0.4152183420152121,-0.16176722233143223,-1.3438421870246389,-0.8266900990061422
3553,-0.35790390763811525,-0.2739863019427555,-1.3263762197643925,-0.8261406969863219
3554,-0.27581966104611844,-0.4377010148527518,-1.2565123507234057,-0.8239430889070375
3555,-0.2288070298408647,-0.6786591777107094,-1.2128474325727892,-0.8253165939565913
3556,-0.2142688732694923,-0.3857393260087136,-1.1691825144221721,-0.8266900990061422
3557,-0.23948164478191053,0.04065002933324985,-1.1691825144221721,-0.8303532160819304
3558,-0.255968060347545,0.2778605362108808,-1.1691825144221721,-0.8312689953508767
3559,-0.3031551845995887,0.44082667669766556,-1.1691825144221721,-0.8385932632560329
3560,-0.33799551860306454,0.30681535162105184,-1.1691825144221721,-0.8385932632560329
3561,-0.4161665407260034,0.24947607974401845,-1.1691825144221721,-0.8385932632560329
3562,-0.43008637174732106,0.3071448876663278,-1.1691825144221721,-0.8477494174068219
3563,-0.4710330985996223,0.3690936454448925,-1.1691825144221721,-0.8477494174068219
3564,-0.5429325618628363,0.4338957031276319,-1.1866484816824192,-0.8477494174068219
3565,-0.5538857859386169,0.3245540358140261,-1.212847432572789,-0.8459185552478682
3566,-0.5420098453503361,0.09911655183619007,-1.0818526781209397,-0.8404259687710042
3567,-0.4776145170868003,-0.5126336267726986,-1.0818526781209397,-0.835847482060942
3568,-0.3916230557358827,-1.2209619790393744,-1.0818526781209397,-0.8312689953508767
3569,-0.2658437476758558,-1.3997955645824347,-1.0163553008950146,-0.8298950806666536
3570,-0.18779837386727366,-1.608311506593382,-0.9945228418197063,-0.8294371091052469
3571,-0.1421598228205282,-1.935556874475865,-0.9071930055184732,-0.8358454338875897
3572,-0.12022509204848296,-1.852066372209533,-0.9071930055184732,-0.8358454338875897
3573,-0.1914624444860371,-1.1524720647199433,-0.784931234696747,-0.8477494174068219
3574,-0.21574306201521695,-0.4785413814388428,-0.6452034966147738,-0.8486648689680311
3575,-0.38028425995790516,0.17828021903658464,-0.6452034966147738,-0.8523266752128734
3576,-0.43192789075597626,0.5379513979427093,-0.6452034966147738,-0.8541585614585032
3577,-0.48600084500366425,0.8233349714565082,-0.6801354311352671,-0.8569063908269494
3578,-0.5045780267414167,0.7962326410991467,-0.7325333329160073,-0.8569063908269494
3579,-0.5443762243629601,0.7691303107417989,-0.7325333329160073,-0.8569063908269494
3580,-0.5448676063434673,0.6596064608991031,-0.7325333329160073,-0.8546165330199099
3581,-0.5308594402878656,0.4715967700304265,-0.6670359556900822,-0.8523266752128734
3582,-0.48758663458031715,-0.030356284942144998,-0.6452034966147738,-0.8523266752128734
3583,-0.41671293923433106,-0.2711812384242057,-0.6452034966147738,-0.8523266752128734
3584,-0.3864942047352746,-0.12031403967054169,-0.5578736603135411,-0.8504972467752652
3585,-0.3654873057492386,0.03055315908310851,-0.5578736603135411,-0.8509546038846679
3586,-0.328676290197659,0.16443140658211747,-0.5578736603135411,-0.8523266752128734
3587,-0.30858506728877133,0.2303538490625339,-0.6015385784641573,-0.8537009995317658
3588,-0.3268451306622752,0.3030109517488281,-0.6452034966147738,-0.8550753238506582
3589,-0.352520607907265,0.3857700447439526,-0.6452034966147738,-0.8598815674374145
3590,-0.3524121489048549,0.6213364084872388,-0.7150673656557603,-0.861483648633001
3591,-0.39521865732181916,0.958774286062619,-0.8198631692172402,-0.8669793073698904
3592,-0.43356461733451973,1.1154015053494823,-0.878083060084729,-0.8669793073698904
3593,-0.5013411728902953,1.2082097636851716,-0.9071930055184732,-0.8669793073698904
3594,-0.5045285644870106,1.2584720480534162,-0.9071930055184732,-0.8642306587321057
3595,-0.4859219568570414,1.2725729758051756,-0.9945228418197063,-0.8642306587321057
3596,-0.43668796813591954,1.2625663324792922,-1.011988809079953,-0.8550753238506582
3597,-0.3509389874600087,1.048448277698749,-1.0818526781209397,-0.8545255941231036
3598,-0.25000648952789,0.8343302229182058,-1.0818526781209397,-0.8523266752128734
3599,-0.19289895765691256,0.6105672107151261,-1.0993186453811863,-0.8504956082365851
3600,-0.10084472539193844,0.3868041985120463,-1.1866484816824192,-0.8431713403314289
3601,-0.007562052557908804,0.1453855559160093,-1.2565123507234057,-0.8420268210625799
3602,0.027509928376730174,-0.04470215442511211,-1.3001772688740223,-0.8385932632560329
3603,0.08928681651585822,-0.029466135746681624,-1.3438421870246389,-0.8365323912297012
3604,0.11126086962606073,0.07586584145510265,-1.4311720233258718,-0.8358454338875897
3605,0.13997632735501978,0.24126179100581244,-1.442088252863526,-0.8404259687710042
3606,0.09670175440460023,0.26165398669918827,-1.442088252863526,-0.8404259687710042
3607,0.04849625480659156,0.2971749870353686,-1.5294180891647589,-0.8404259687710042
3608,0.032076237977150375,0.32174092323244996,-1.6276641550036464,-0.8404259687710042
3609,0.023278205535910396,0.262143123825625,-1.618931171373523,-0.8422565441856883
3610,0.016129234132425896,0.2030195348254146,-1.6058316959283379,-0.8450024073077173
3611,-0.03477493436425977,0.14460726143511934,-1.6140188680815788,-0.8491235369083796
3612,-0.15721034638988501,-0.06653291274121657,-1.6058316959283379,-0.8504972467752652
3613,-0.18214075141460567,-0.1093504955989251,-1.6058316959283379,-0.8504972467752652
3614,-0.18803045440501584,-0.014498367446573483,-1.518501859627105,-0.8596525816567127
3615,-0.21424402628557934,0.0829157025211476,-1.518501859627105,-0.863315944513303
3616,-0.3212668369541618,0.12028991253351341,-1.4966694005517966,-0.8681236218214047
3617,-0.43063848775576097,0.11261528212729749,-1.4311720233258718,-0.8738447844443014
3618,-0.5514856857746602,0.09740725104852975,-1.4311720233258718,-0.8761330037126549
3619,-0.5968477603632962,-0.04844593841910442,-1.3438421870246389,-0.8807135385960723
3620,-0.637322996348349,-0.1618612606662913,-1.3438421870246389,-0.8807135385960723
3621,-0.6498421342970371,-0.14552511403185495,-1.2565123507234057,-0.8825446055723607
3622,-0.6521772405587518,-0.12918896739741853,-1.1691825144221721,-0.8852907964021238
3623,-0.6535496760085536,-0.07981884159077646,-1.151716547161926,-0.8871221910861494
3624,-0.6495332020939836,0.01910225297422246,-1.0818526781209397,-0.8944477698222514
3625,-0.6303171510714997,0.1130803068601639,-1.0600202190456312,-0.8967363987252771
3626,-0.6984986994525789,0.1996437997275261,-0.9945228418197063,-0.9036022854343574
3627,-0.731718801905286,0.316200096129808,-0.9945228418197063,-0.9054341716799872
3628,-0.8359045237280257,0.452751594888703,-0.9246589727787199,-0.9063501148028036
3629,-0.8521525141742294,0.41896745236140026,-0.9071930055184732,-0.9063501148028036
3630,-0.8590432261319366,0.3204897579223483,-0.9071930055184732,-0.9063501148028036
3631,-0.8344906461047055,-0.036762144163617595,-0.8198631692172402,-0.9109281918781965
3632,-0.8011483753193672,-0.29707686584329673,-0.8198631692172402,-0.9109281918781965
3633,-0.800030488761645,-0.41198581691359415,-0.7325333329160073,-0.9063501148028036
3634,-0.800850218361084,-0.4634470230725495,-0.7325333329160073,-0.9063501148028036
3635,-0.7426927266644893,-0.4726097326239711,-0.6626694638750206,-0.9063501148028036
3636,-0.6787556416526523,-0.3174947048758699,-0.5578736603135411,-0.9086391533404986
3637,-0.6320673122130378,-0.12031043962720384,-0.5578736603135411,-0.9109281918781965
3638,-0.6196363209601377,0.08087303832415751,-0.5578736603135411,-0.9109281918781965
3639,-0.6326289889683196,0.16619455155516627,-0.5578736603135411,-0.9145903258307733
3640,-0.6742530289871151,0.2225505736060662,-0.5578736603135411,-0.9182524597833528
3641,-0.7123118555506803,0.18418172735949698,-0.5578736603135411,-0.9155062689535896
3642,-0.6968065979323534,0.14611428603238338,-0.5578736603135411,-0.9155062689535896
3643,-0.6258480726456088,0.1084989520844531,-0.5578736603135411,-0.9136760212466398
3644,-0.5876563204824091,-0.021905948561765035,-0.5578736603135411,-0.9125312971604562
3645,-0.5357788186467732,-0.17550824088252753,-0.5578736603135411,-0.9090971249019053
3646,-0.47582381180392685,-0.3291105332033039,-0.5142087421629243,-0.9100126583900524
3647,-0.4113540436065718,-0.482712825524094,-0.4705438240123077,-0.9109281918781965
3648,-0.3954279598881525,-0.447657660421411,-0.4705438240123077,-0.9129890639045283
3649,-0.38661808009953197,-0.41260249531872806,-0.4705438240123077,-0.9136760212466398
3650,-0.40942855987278454,-0.37754733021604514,-0.4705438240123077,-0.9200843460289826
3651,-0.42262115090491614,-0.15586129340301427,-0.5054757585328009,-0.9211838054840976
3652,-0.4815779791370674,0.1902453245502208,-0.5578736603135411,-0.9228329946667673
3653,-0.4981349052106611,0.2374600702884221,-0.5578736603135411,-0.9228329946667673
3654,-0.5193108919286984,0.20995184797286495,-0.5578736603135411,-0.9228329946667673
3655,-0.5115017435934558,0.18244362565730785,-0.5578736603135411,-0.9228329946667673
3656,-0.4919527523463878,0.11731806002769535,-0.5578736603135411,-0.9228329946667673
3657,-0.47229495281461603,-0.09827687885816368,-0.5578736603135411,-0.925578366227192
3658,-0.4514396354975287,-0.1850131772126737,-0.5578736603135411,-0.9259447434763179
3659,-0.4662015210785419,-0.18584371521294055,-0.5287637148797968,-0.9274102524728218
3660,-0.4860685270098715,-0.13256298018148355,-0.4705438240123077,-0.9274102524728218
3661,-0.4728546069286117,-0.07776928813847861,-0.4705438240123077,-0.9288749421999841
3662,-0.45516811788136796,-0.04099788796502393,-0.4705438240123077,-0.9347337011086365
3663,-0.5297589519266036,-0.08226022143835272,-0.4705438240123077,-0.9347337011086365
3664,-0.5395240426105947,-0.2110336648457899,-0.4705438240123077,-0.9347337011086365
3665,-0.5302067215604833,-0.47107377315443105,-0.4705438240123077,-0.9325374038602979
3666,-0.5071246679513469,-0.620678583143951,-0.3832139877110748,-0.9319883295482148
3667,-0.45757361479927444,-0.6046304456547613,-0.3832139877110748,-0.9319883295482148
3668,-0.42469857415079143,-0.5163461699075776,-0.3832139877110748,-0.9319883295482148
3669,-0.40163813495213546,-0.3832467908647222,-0.33954906956045816,-0.9319883295482148
3670,-0.38548537815097456,-0.2635167006605801,-0.2958841514098418,-0.9347351757934494
3671,-0.3714935264894064,-0.15386559096300448,-0.2958841514098418,-0.9365664066236078
3672,-0.3979370352732107,-0.0845304032916789,-0.33954906956045816,-0.9379403213078309
3673,-0.41721232017898296,-0.04275273438494988,-0.3832139877110748,-0.9393142359920511
3674,-0.44025221250398794,-0.11120514053663566,-0.3832139877110748,-0.9393142359920511
3675,-0.44469641540982974,-0.17983437090773252,-0.3832139877110748,-0.9393142359920511
3676,-0.43369731036465037,-0.2487288376079425,-0.3832139877110748,-0.9371159724972953
3677,-0.4069764055172319,-0.36497200778835864,-0.2958841514098418,-0.9365664066236078
3678,-0.3565911540889316,-0.4826646007369811,-0.2958841514098418,-0.9365664066236078
3679,-0.33349084191884754,-0.4798916754780037,-0.2958841514098418,-0.9354667833146256
3680,-0.3174133742868986,-0.4757845311088938,-0.2958841514098418,-0.9347337011086365
3681,-0.29167875675714555,-0.46967605807461277,-0.2958841514098418,-0.9361998655206147
3682,-0.2628357036933032,-0.4542016424575177,-0.2958841514098418,-0.9411453029683423
3683,-0.29362900757366583,-0.42886683666352987,-0.2958841514098418,-0.9429755506752892
3684,-0.3392859728745155,-0.38906631704955363,-0.2958841514098418,-0.9438906745287641
3685,-0.36821203727120133,-0.23721550457913554,-0.2958841514098418,-0.9466385038972102
3686,-0.405992505532663,-0.010664496871112516,-0.2958841514098418,-0.9466385038972102
3687,-0.41733232176284635,-0.08351071695973222,-0.2958841514098418,-0.9438906745287641
3688,-0.3744445989334935,-0.15622297930636098,-0.2958841514098418,-0.9432043316386594
3689,-0.3393959488578877,-0.22839941068509476,-0.2958841514098418,-0.9411453029683423
3690,-0.29034556277409523,-0.38096196934387355,-0.2958841514098418,-0.9347337011086365
3691,-0.21686726133683726,-0.6541037189227543,-0.2958841514098418,-0.9347337011086365
3692,-0.15158249297646204,-0.9949625423339344,-0.2958841514098418,-0.930156443302585
3693,-0.12816650622790743,-1.2802275632460902,-0.25221923325922496,-0.9310723864253985
3694,-0.0656319520158265,-1.4821018804096675,-0.2085543151086084,-0.9319883295482148
3695,-0.04898361534033556,-1.3225796429504313,-0.2085543151086084,-0.9374827593810935
3696,-0.06588275682424448,-0.9221263690759678,-0.2085543151086084,-0.9393142359920511
3697,-0.11108102186718263,-0.6951965958524795,-0.2085543151086084,-0.9482409947274659
3698,-0.1853344791748505,-0.5116476977917316,-0.13869044606762193,-0.9512165809726032
3699,-0.2963943189071345,0.08288857607840351,-0.12122447880737569,-0.9603719158540478
3700,-0.3964154400162828,0.39558110976656474,-0.12122447880737569,-0.9608296825981227
3701,-0.5072818552587556,0.28550803318173756,-0.12122447880737569,-0.962202982830339
3702,-0.5673049396186457,0.10482934719009196,-0.12122447880737569,-0.962202982830339
3703,-0.5809916204251849,-0.12291974507277038,-0.12122447880737569,-0.962202982830339
3704,-0.568430700437603,-0.35066883733563275,-0.1037585115471287,-0.9603719158540478
3705,-0.5478237861850865,-0.6089412057916704,-0.033894642506142256,-0.9580830821336874
3706,-0.5047228170954748,-0.9129984885374643,-0.033894642506142256,-0.9512165809726032
3707,-0.44376207384644245,-1.0734182428679697,0.05343519379509069,-0.9530476479488915
3708,-0.33069634040164203,-1.169640088932077,0.12621005737945143,-0.9530476479488915
3709,-0.2940018036479952,-1.1527078303458271,0.22809486639755708,-0.9512165809726032
3710,-0.2710838532213877,-1.0376655913222608,0.22809486639755708,-0.9512165809726032
3711,-0.23668601237765474,-0.7754583816427549,0.22809486639755708,-0.9530476479488915
3712,-0.2362166771300828,-0.7550381983497024,0.22809486639755708,-0.9544211529984453
3713,-0.2415107694769864,-0.7751087519361863,0.22809486639755708,-0.9557946580479962
3714,-0.27146977377784126,-0.7153552266543072,0.14076503009632338,-0.9530476479488915
3715,-0.2674310966096338,-0.6898262299765036,0.14076503009632338,-0.9530476479488915
3716,-0.22975560950906512,-0.6871135857014172,0.19898492096381218,-0.9530476479488915
3717,-0.21430648960332419,-0.738322281516752,0.22809486639755708,-0.9515827943678621
3718,-0.20455676220396996,-0.8098563855226844,0.22809486639755708,-0.9512165809726032
3719,-0.17371301385541627,-0.9118786018145063,0.22809486639755708,-0.9484695708734986
3720,-0.15383334900901224,-0.9550022781126537,0.22809486639755708,-0.946638012335606
3721,-0.11945437839828994,-0.9588602610816711,0.22809486639755708,-0.9438906745287641
3722,-0.07187326936350721,-0.9764502521810428,0.22809486639755708,-0.9438906745287641
3723,-0.023974533707364683,-1.0360474774832507,0.22809486639755708,-0.9438906745287641
3724,-0.014701177282475263,-1.2499416314664782,0.22809486639755708,-0.9411453029683423
3725,-0.014786571667993078,-1.3131677719989312,0.26302680091805003,-0.9411453029683423
3726,0.016471916879032406,-1.33872690916868,0.31542470269878975,-0.9411453029683423
3727,0.02379511551520449,-1.1658259771235544,0.31542470269878975,-0.9444412235256631
3728,-0.006416859657970533,-1.027042072594563,0.31542470269878975,-0.9466385038972102
3729,-0.06144158652771747,-0.9394337093397597,0.31542470269878975,-0.9484695708734986
3730,-0.09141603643425299,-0.8174542250882452,0.31542470269878975,-0.9484695708734986
3731,-0.11613268045248627,-0.6725606601722526,0.31542470269878975,-0.9512165809726032
3732,-0.14196409443728025,-0.6106853355922488,0.31542470269878975,-0.9512165809726032
3733,-0.16783419554585507,-0.6733373715162143,0.31542470269878975,-0.9512165809726032
3734,-0.1735879772987326,-0.8014706308747499,0.31542470269878975,-0.9512165809726032
3735,-0.17322503771975475,-0.973258039189661,0.31542470269878975,-0.9512165809726032
3736,-0.1701863049212356,-1.1442952841494887,0.35035663721928323,-0.9493853501424449
3737,-0.16665550715834196,-1.315144988270546,0.40275453900002295,-0.9466385038972102
3738,-0.11723486334654729,-1.3539123587995046,0.40275453900002295,-0.9449898062761419
3739,-0.08702677385333654,-1.3929663988963072,0.40275453900002295,-0.9438906745287641
3740,-0.040887097219683914,-1.4331671172644442,0.468251916225948,-0.941831645858447
3741,-0.020391824205265374,-1.4656357947655179,0.49008437530125665,-0.9411453029683423
3742,0.010887395615918755,-1.486506410965969,0.49008437530125665,-0.9393142359920511
3743,0.018173500671725993,-1.4528177133298155,0.49008437530125665,-0.9411453029683423
3744,0.018010863247797052,-1.3827561398025972,0.49008437530125665,-0.9411453029683423
3745,0.011244483803238175,-1.3126945662753788,0.5774142116024898,-0.9466385038972102
3746,-0.06379022925916204,-1.1647613479691612,0.5774142116024898,-0.9481033574782397
3747,-0.09141695785465422,-0.9000206624944573,0.5075503425615029,-0.9484695708734986
3748,-0.12714467087551043,-0.7386015834087762,0.49008437530125665,-0.9438906745287641
3749,-0.13692489341608063,-0.6460635752491242,0.49008437530125665,-0.9438906745287641
3750,-0.07269398423009552,-0.6539969354655737,0.5774142116024898,-0.9466385038972102
3751,-0.08472253272666082,-0.6957148209457328,0.5774142116024898,-0.9500720617037542
3752,-0.1023259049201408,-0.7504327311804354,0.5774142116024898,-0.9512165809726032
3753,-0.17126693786794456,-0.674795166643303,0.5250163098217496,-0.9512165809726032
3754,-0.18581735196510815,-0.4713980848477735,0.49008437530125665,-0.9466385038972102
3755,-0.18612443228710987,-0.07636172716462804,0.49008437530125665,-0.9466385038972102
3756,-0.13674856304166969,-0.03450897494352051,0.49008437530125665,-0.9411453029683423
3757,-0.10546591956908795,-0.08095212408791558,0.40275453900002295,-0.9411453029683423
3758,-0.023203408708778243,-0.4750290094441298,0.40275453900002295,-0.9393142359920511
3759,0.002887088674170975,-0.8387262882854586,0.40275453900002295,-0.9374827593810935
3760,0.03402490318330147,-1.0809051410672181,0.40275453900002295,-0.9319883295482148
3761,0.07461548647997773,-1.1806299820840938,0.40275453900002295,-0.9319883295482148
3762,0.1412187421837812,-1.1853854819243808,0.40275453900002295,-0.9319883295482148
3763,0.1549976270965344,-1.1071635376501041,0.40275453900002295,-0.9319883295482148
3764,0.14860963267112728,-0.9990636586046554,0.31542470269878975,-0.931530357986808
3765,0.14048817716408535,-0.8544294845890384,0.31542470269878975,-0.930156443302585
3766,0.12831655370046868,-0.7289003637345987,0.31542470269878975,-0.930156443302585
3767,0.14013763642184293,-0.6320288226218977,0.31542470269878975,-0.930156443302585
3768,0.13507656330885742,-0.6571418805108525,0.22809486639755708,-0.9274102524728218
3769,0.12648558335966514,-0.7362707186983292,0.22809486639755708,-0.9274102524728218
3770,0.1329679238136229,-0.9094780790782371,0.22809486639755708,-0.925578366227192
3771,0.16003635684345777,-1.047075452907636,0.22809486639755708,-0.9242048611776382
3772,0.1701496430273926,-1.131257846911299,0.2717597845481734,-0.9200843460289826
3773,0.23086650433448336,-1.2118582108944274,0.31542470269878975,-0.9221458325073212
3774,0.24268385452933264,-1.2915630673724252,0.31542470269878975,-0.9228329946667673
3775,0.1901846498920041,-1.230423079461064,0.31542470269878975,-0.925578366227192
3776,0.13605882389244126,-1.157672974052302,0.31542470269878975,-0.9260363377885987
3777,0.10577377141445388,-1.0675076923974667,0.31542470269878975,-0.9274102524728218
3778,0.0759123059076697,-0.9364936048187843,0.31542470269878975,-0.9266774979745699
3779,0.05137851863784132,-0.7952673157591406,0.31542470269878975,-0.925578366227192
3780,0.0519956627918859,-0.7077484362759845,0.31542470269878975,-0.9264943093500054
3781,0.057041455660388804,-0.633656409186944,0.31542470269878975,-0.9274102524728218
3782,0.029563763938352635,-0.6754244331362497,0.31542470269878975,-0.925578366227192
3783,0.015873582604071897,-0.7321362469498682,0.31542470269878975,-0.925578366227192
3784,0.030588667781400094,-0.8486232202206685,0.31542470269878975,-0.9228329946667673
3785,0.032214280676605395,-0.9762131469777422,0.31542470269878975,-0.9228329946667673
3786,0.06275217415896021,-1.148214887679814,0.3328906699590365,-0.9228329946667673
3787,0.06871279643747083,-1.2670675546739931,0.40275453900002295,-0.9222832649392098
3788,0.06555545567434,-1.3061966111062988,0.40275453900002295,-0.9200843460289826
3789,0.0637464164951228,-1.2996326817492787,0.40275453900002295,-0.9211838054840976
3790,0.07881670122417714,-1.2626067618660648,0.40275453900002295,-0.9228329946667673
3791,0.05130140806417013,-0.818256071775789,0.40275453900002295,-0.9244802176030227
3792,0.03664142319675912,-0.2720741891337376,0.4464194571506403,-0.925578366227192
3793,0.018833826704793145,-0.12768730110982143,0.4464194571506403,-0.9264943093500054
3794,-0.018546773336188427,-0.0837491617404527,0.40275453900002295,-0.9274102524728218
3795,-0.043953033031072335,-0.08442732280922553,0.40275453900002295,-0.9274102524728218
3796,-0.06801082985580469,-0.12384807222467972,0.31542470269878975,-0.9255787758618612
3797,-0.0753879990277512,-0.22138270416018302,0.31542470269878975,-0.9200843460289826
3798,0.014094627931079537,-0.5797941444607306,0.31542470269878975,-0.9175210161160466
3799,0.04268951877533358,-1.0034247868525497,0.31542470269878975,-0.9136760212466398
3800,0.1289390295460723,-0.970247338938661,0.31542470269878975,-0.9136760212466398
3801,0.15346407448542526,-0.8228678684483558,0.31542470269878975,-0.9136760212466398
3802,0.1499686729735568,-0.6754883979580507,0.2935922436234816,-0.9148201308808195
3803,0.13937626949747547,-0.4950058911095617,0.22809486639755708,-0.9182524597833528
3804,0.08244995966525848,-0.29245469335562607,0.22809486639755708,-0.9168793643684712
3805,0.03930103531455589,-0.08990349560169233,0.18442994824694023,-0.9155062689535896
3806,0.05827949447276831,0.0542916122148965,0.14076503009632338,-0.9171539834514464
3807,0.0532644807371009,-0.03493763971785578,0.0752676528703996,-0.9182524597833528
3808,0.018418336148638047,-0.10652331745444102,0.05343519379509069,-0.9200843460289826
3809,-0.010722741465819256,-0.1516436338967891,0.03160273471978252,-0.9196263744675759
3810,-0.03713233647937436,-0.22790510661718766,-0.033894642506142256,-0.9182524597833528
3811,-0.02414602575146344,-0.298780473426936,-0.04208181465938325,-0.9196263744675759
3812,-0.02125538051478018,-0.3169702603160172,-0.033894642506142256,-0.9200843460289826
3813,-0.029114975658175665,-0.3116402157203871,-0.033894642506142256,-0.9228329946667673
3814,-0.05716711377077453,-0.2906302834682643,-0.033894642506142256,-0.9277152937573114
3815,-0.10109032272659525,-0.26962035121615535,-0.033894642506142256,-0.930156443302585
3816,-0.13419260181573667,-0.10396438968827167,-0.033894642506142256,-0.9347337011086365
3817,-0.2326754562868682,0.15812225802345167,-0.05572710158145067,-0.9335893866571251
3818,-0.31110389775175434,0.25544590651534993,-0.12668259357620237,-0.930156443302585
3819,-0.2817139838941874,-0.041201503732836986,-0.12395353619178903,-0.924663856825721
3820,-0.24817907193595767,-0.9288055020910756,-0.12122447880737569,-0.9228329946667673
3821,-0.15991239425236797,-1.2453275527280934,-0.13214070834502978,-0.9182524597833528
3822,-0.10834319832009677,-1.181128304884265,-0.033894642506142256,-0.9182524597833528
3823,-0.04403743309207163,-1.1169290570404369,0.05343519379509069,-0.9200843460289826
3824,-0.006208850748805051,-1.0527298091966086,0.05343519379509069,-0.9214578510785335
3825,-0.025259918163370438,-0.38918353007378026,0.05343519379509069,-0.925578366227192
3826,-0.046520602482984716,0.14867555805904734,0.03160273471978252,-0.9260363377885987
3827,-0.11078009592211349,0.18378588223195455,-0.033894642506142256,-0.9274102524728218
3828,-0.14237365504179475,0.17016639860486846,-0.033894642506142256,-0.9261889949757363
3829,-0.16885921410416732,0.0834522032777785,-0.1037585115471287,-0.925578366227192
3830,-0.15604673766635796,-0.061214790384617475,-0.12122447880737569,-0.9274102524728218
3831,-0.14402809685326293,-0.22036998363082613,-0.12122447880737569,-0.9274102524728218
3832,-0.15424190913661626,-0.1899280867659107,-0.12122447880737569,-0.9228329946667673
3833,-0.16325729960988267,-0.1632718356893434,-0.12122447880737569,-0.9228329946667673
3834,-0.09914398118942275,-0.1422940532953051,-0.12122447880737569,-0.9228329946667673
3835,-0.08013521952317824,0.015465300279477047,-0.12122447880737569,-0.9228329946667673
3836,-0.07668118185313774,0.1299348699560639,-0.1949090281865407,-0.9248920233370843
3837,-0.0766160684558294,0.18041244355249275,-0.2085543151086084,-0.925578366227192
3838,-0.11177366065061665,0.18154917067729265,-0.25767734802805214,-0.925578366227192
3839,-0.12393297876187788,0.1563909881661072,-0.30025064322490375,-0.925578366227192
3840,-0.12740258303652083,0.12465907824593575,-0.3744810040809514,-0.925578366227192
3841,-0.1274093348003275,0.10783184252940067,-0.3941302172487289,-0.925578366227192
3842,-0.12633952832075107,0.09473077536376433,-0.40067995497132125,-0.925578366227192
3843,-0.12506936221434828,-0.09555619711855359,-0.3963134631562596,-0.9233820689788534
3844,-0.11754116108215484,-0.24394654621926595,-0.3832139877110748,-0.9228329946667673
3845,-0.08702265227940807,-0.22475040179355732,-0.3941302172487289,-0.925578366227192
3846,-0.09410484146384221,-0.11080326731069634,-0.3832139877110748,-0.9271808570574477
3847,-0.11875452325422868,0.1452703522579078,-0.4414338785785638,-0.9319883295482148
3848,-0.1889118995327688,0.26134473568342875,-0.48800979127255445,-0.9393139082843168
3849,-0.23255573635466406,0.3748866479968008,-0.4705438240123077,-0.9411453029683423
3850,-0.3619192286928096,0.47829867586167385,-0.47272706991983865,-0.9466385038972102
3851,-0.41803376280263865,0.5196634870076176,-0.4787309961655485,-0.9470962706412823
3852,-0.4695034544403119,0.5196634870076176,-0.4705438240123077,-0.9484695708734986
3853,-0.4898682989381678,0.2702087194702283,-0.4705438240123077,-0.9470962706412823
3854,-0.48929088906993445,0.003749356165919566,-0.4705438240123077,-0.9466385038972102
3855,-0.4460841927421652,-0.08127362266867738,-0.3832139877110748,-0.9438906745287641
3856,-0.41605712633377806,-0.11718702350473935,-0.3832139877110748,-0.9445776318708756
3857,-0.36707645459976396,-0.07943605734306099,-0.33954906956045816,-0.9466385038972102
3858,-0.35356652347761264,-0.07349657200029587,-0.2958841514098418,-0.9466385038972102
3859,-0.3633575706304638,-0.07550995686224521,-0.34828205319058153,-0.9466385038972102
3860,-0.3583367694240826,-0.07541966934415575,-0.31771661048515,-0.9466385038972102
3861,-0.3486023316861357,-0.07480346373104965,-0.2958841514098418,-0.9481033574782397
3862,-0.3475272270734938,-0.06385643705645115,-0.36574802045082805,-0.9484695708734986
3863,-0.35307997323557044,-0.05290941038186645,-0.3832139877110748,-0.9503009109395693
3864,-0.36804430900069596,-0.0947960826169196,-0.3832139877110748,-0.9512165809726032
3865,-0.3777515660695677,-0.18176604154708162,-0.2958841514098418,-0.9512165809726032
3866,-0.37003294091948036,-0.2987915249406378,-0.2958841514098418,-0.9512165809726032
3867,-0.3592692418705933,-0.29049364657145366,-0.2958841514098418,-0.9512165809726032
3868,-0.34772402367844024,-0.2508649277615602,-0.2609522168893486,-0.9530478118027615
3869,-0.3334669623099284,-0.25268059099635226,-0.2085543151086084,-0.9557946580479962
3870,-0.3438541709963839,-0.24736079416798223,-0.2085543151086084,-0.9572601670445001
3871,-0.37643392428037087,-0.17205477504225092,-0.2085543151086084,-0.9585418320009681
3872,-0.39386675790193904,-0.056078467820701694,-0.2085543151086084,-0.962202982830339
3873,-0.40462606866390877,0.07104637679302886,-0.2085543151086084,-0.9635773071492314
3874,-0.4439986127273152,0.1343112693865449,-0.2085543151086084,-0.9649516314681238
3875,-0.4593489413879978,0.15961722642395126,-0.2085543151086084,-0.9649516314681238
3876,-0.473945683216299,0.15961722642395126,-0.2085543151086084,-0.9649516314681238
3877,-0.4636881181885332,0.10160280752733741,-0.18672185603330047,-0.9649516314681238
3878,-0.4481308808579243,0.028717931061732208,-0.12122447880737569,-0.9635773071492314
3879,-0.424810113343667,-0.04563435678314156,-0.12122447880737569,-0.962202982830339
3880,-0.38822520671543,-0.06746123989313971,-0.12122447880737569,-0.962202982830339
3881,-0.3367906658894804,-0.12316259132215833,-0.12122447880737569,-0.962202982830339
3882,-0.3178939730325185,-0.36688722076225877,-0.12122447880737569,-0.962202982830339
3883,-0.3045995636420734,-0.4026837913105147,-0.09939201973206702,-0.962202982830339
3884,-0.29137564592573817,-0.40212384794903566,-0.033894642506142256,-0.9612874493421949
3885,-0.2799270967462437,-0.46406590784050283,-0.033894642506142256,-0.9603719158540478
3886,-0.2563069783217923,-0.4932472623533857,-0.033894642506142256,-0.9614705560398213
3887,-0.23391980358272532,-0.4732875587983988,-0.033894642506142256,-0.962202982830339
3888,-0.24146839674008744,-0.4698930696166208,-0.033894642506142256,-0.9644019017405662
3889,-0.24510673347184445,-0.47754205668366706,-0.033894642506142256,-0.9649516314681238
3890,-0.2770200492813035,-0.2522962110755464,0.05343519379509069,-0.97227589937328
3891,-0.31036272299687456,0.031173342701362537,0.05343519379509069,-0.9748398847016903
3892,-0.37482958421810564,0.3146428964782991,0.05343519379509069,-0.9786858626943028
3893,-0.4237321768049387,0.4837504880447696,0.05343519379509069,-0.9775872225085293
3894,-0.4780357703728414,0.4813151362955824,0.05343519379509069,-0.9768547957180145
3895,-0.47676473551233073,0.41229099850112605,0.05343519379509069,-0.9724592518517116
3896,-0.4510496686597402,0.24338368163876578,0.05343519379509069,-0.9695288892741754
3897,-0.38306847305681313,-0.15532981606170995,0.05343519379509069,-0.9636681641191057
3898,-0.29312551599869396,-0.7072474343209799,0.14076503009632338,-0.962202982830339
3899,-0.18967371641492098,-0.4476239345898959,0.14076503009632338,-0.962202982830339
3900,-0.12272410416535295,-0.2250501992201156,0.12329906283607665,-0.961287695122997
3901,-0.1086298818285674,-0.15067552129549505,0.05343519379509069,-0.957626544293626
3902,-0.10114330309841632,-0.09117577895581354,0.05343519379509069,-0.9567107650246798
3903,-0.051946574888348813,-0.09117577895581354,0.05343519379509069,-0.9530476479488915
3904,-0.019697018501846828,0.015455253448823926,0.009770275644474342,-0.9530476479488915
3905,0.04662754999235515,0.2820328344604356,-0.033894642506142256,-0.9530476479488915
3906,0.06212704445275397,0.34321863591955676,-0.1037585115471287,-0.9552452560281759
3907,0.05685563011517534,0.353056492490545,-0.19108834784836215,-0.9557946580479962
3908,0.022450786161354108,0.2616180094770639,-0.2085543151086084,-0.949934588308398
3909,0.04274313737494877,0.14486044156746203,-0.2958841514098418,-0.9484695708734986
3910,0.10435914386149249,0.09919759627008198,-0.2958841514098418,-0.9393142359920511
3911,0.20404172224657433,-0.02396851001583973,-0.2958841514098418,-0.9402297694801981
3912,0.2653280142903673,-0.263389507784574,-0.2958841514098418,-0.9411453029683423
3913,0.24275805989611796,-0.3429381025565425,-0.2958841514098418,-0.9427925259045947
3914,0.22395681013943478,-0.3825185965793231,-0.2958841514098418,-0.9438906745287641
3915,0.17265432884140744,-0.28419013106484875,-0.3695687007890071,-0.9473248467873149
3916,0.14552661712655088,-0.1513844256660573,-0.3853972336186055,-0.9484695708734986
3917,0.06259783504323702,0.021394269939501477,-0.3832139877110748,-0.9512165809726032
3918,0.01864483767213297,0.14015551077476757,-0.3832139877110748,-0.9521321963876824
3919,-0.02170308970912666,0.04284693252886285,-0.3832139877110748,-0.9557946580479962
3920,-0.08210915765787075,-0.19859993687707214,-0.3832139877110748,-0.9523611002414522
3921,-0.11049517571852724,-0.47849315665172987,-0.36138152863576634,-0.9512165809726032
3922,-0.06214301622154346,-0.5278030014744947,-0.2958841514098418,-0.9493852409065354
3923,-0.05304969299147118,-0.5213757090143128,-0.22602028236885513,-0.9484695708734986
3924,-0.025483484602647287,-0.5010141322333806,-0.2085543151086084,-0.9484695708734986
3925,-0.009056605488946576,-0.4163494903585886,-0.2085543151086084,-0.9484695708734986
3926,-0.007107789954433595,-0.2864207188370164,-0.2085543151086084,-0.9530476479488915
3927,-0.04920666484751874,-0.08859575284528247,-0.1503344242411201,-0.9548789880149623
3928,-0.11525385091837821,-0.18258050461832004,-0.19108834784836215,-0.9557946580479962
3929,-0.14252928644495133,-0.26165384602696923,-0.2085543151086084,-0.9557946580479962
3930,-0.15204474027601486,-0.2810815459781011,-0.12122447880737569,-0.9542686323561976
3931,-0.1285973543671796,-0.300157893908841,-0.12122447880737569,-0.9512165809726032
3932,-0.07874272212854422,-0.31108616649955,-0.12122447880737569,-0.9530476479488915
3933,-0.06580656919480585,-0.2897734897505687,-0.033894642506142256,-0.9526814345536356
3934,-0.08629359914697586,-0.3191247026802828,-0.033894642506142256,-0.9512165809726032
3935,-0.08029587379983649,-0.35088233248692186,-0.033894642506142256,-0.9512165809726032
3936,-0.06930841359535021,-0.2722558358318666,-0.033894642506142256,-0.9512165809726032
3937,-0.06822981615972344,-0.19362933917681122,-0.033894642506142256,-0.9512165809726032
3938,-0.06829764198805369,-0.11500284252175594,-0.033894642506142256,-0.9530478118027615
3939,-0.06905436037594623,-0.04510503233412002,-0.033894642506142256,-0.9557946580479962
3940,-0.08173296401417622,0.02261060623667143,-0.033894642506142256,-0.9557946580479962
3941,-0.13254457013345966,0.05844430221627203,-0.033894642506142256,-0.9557946580479962
3942,-0.14980944964954768,0.07271080173713194,-0.033894642506142256,-0.9523611002414522
3943,-0.15436121814846904,0.000708515422974003,-0.033894642506142256,-0.9512165809726032
3944,-0.12487047899010441,-0.11246099436768989,-0.033894642506142256,-0.9512165809726032
3945,-0.07902520872483791,-0.2873813393731541,-0.012062183430834079,-0.9505298284478263
3946,-0.06875499805130078,-0.38625789298894997,0.05343519379509069,-0.9484695708734986
3947,-0.06492790805243345,-0.4661234987573149,0.05343519379509069,-0.9484695708734986
3948,-0.028418568820729684,-0.46090488786618183,0.05343519379509069,-0.9484695708734986
3949,-0.020599045517090724,-0.4318808858580717,0.05343519379509069,-0.9466385038972102
3950,-0.009657778025017397,-0.3869866231053103,0.05343519379509069,-0.9470962706412823
3951,0.0038842832162329505,-0.12705502056768694,0.09710011194570728,-0.9484695708734986
3952,-0.014330681220667597,0.08379178615369383,0.08836712831558391,-0.9501177769329625
3953,-0.027937695015299614,0.09829940961010442,0.05343519379509069,-0.9512165809726032
3954,-0.06240810516356058,0.11974738367849339,0.05343519379509069,-0.9490189728933189
3955,-0.08581306135454145,0.15160588366484998,0.05343519379509069,-0.9484695708734986
3956,-0.05479159363518079,0.11804745993277782,0.05343519379509069,-0.9484695708734986
3957,-0.046746427631581274,0.04836867065326116,0.05343519379509069,-0.9484695708734986
3958,-0.04676317220785766,-0.10037465709756772,0.05343519379509069,-0.9484695708734986
3959,-0.04896962247507217,-0.12149711385294013,0.05343519379509069,-0.9484695708734986
3960,-0.05093371833967444,-0.057538989944690117,0.05343519379509069,-0.9484695708734986
3961,-0.05285085319922272,0.07671640613780209,0.05343519379509069,-0.9484695708734986
3962,-0.05474768277204156,0.2578366503364604,0.05343519379509069,-0.9484695708734986
3963,-0.05585776971906124,0.3348853927064659,0.05343519379509069,-0.9469436817265896
3964,-0.056854915892373514,0.34255313385740166,0.05343519379509069,-0.9466385038972102
3965,-0.04409312005927544,0.3466329508471328,0.05343519379509069,-0.9422439431541159
3966,-0.03128229081281625,0.34832081839608403,0.05343519379509069,-0.9411453029683423
3967,0.023787510920451907,0.21803673353231898,-0.033894642506142256,-0.9393142359920511
3968,0.062329234387310396,-0.0002286529399189171,-0.033894642506142256,-0.9363838734145177
3969,0.0892732989484662,-0.21849403941212917,-0.033894642506142256,-0.9319883295482148
3970,0.12705763071731305,-0.4137996047399945,-0.033894642506142256,-0.9283258678878981
3971,0.18846276691931124,-0.593798622638278,-0.033894642506142256,-0.9274102524728218
3972,0.22510415797418068,-0.6150356132630482,-0.033894642506142256,-0.925578366227192
3973,0.2755796894597615,-0.5304312523721472,-0.033894642506142256,-0.9248920233370843
3974,0.2915443603113445,-0.15520796235856354,-0.033894642506142256,-0.9228329946667673
3975,0.31280258417686824,0.06371018105350801,-0.033894642506142256,-0.9244802176030227
3976,0.2970823724105705,0.1784248933979233,-0.033894642506142256,-0.925578366227192
3977,0.2500955564203076,0.29137806143530137,-0.12122447880737569,-0.9274102524728218
3978,0.2124394831661311,0.3266759264469794,-0.13869044606762193,-0.9270438752236958
3979,0.1771161533816506,0.05135257935585746,-0.2085543151086084,-0.925578366227192
3980,0.17238719422944276,-0.2526263381108503,-0.2085543151086084,-0.9219154130052709
3981,0.16816173663985529,-0.5995886111409987,-0.2085543151086084,-0.9182524597833528
3982,0.2538434410934042,-0.6355612882779033,-0.2085543151086084,-0.9182524597833528
3983,0.26509238571221794,-0.5514297025320812,-0.12122447880737569,-0.9187104313447595
3984,0.25320225125013185,-0.2978706611486395,-0.12122447880737569,-0.918863088531897
3985,0.2122624278597336,0.0621273746479139,-0.12122447880737569,-0.9182524597833528
3986,0.20536700458605453,0.20171264309466078,-0.12122447880737569,-0.9182524597833528
3987,0.18857337469272542,-0.029235862388225863,-0.2085543151086084,-0.9136760212466398
3988,0.197885009632473,-0.26018436787109867,-0.2085543151086084,-0.9118444627087472
3989,0.2307510014723852,-0.5721890955330526,-0.2085543151086084,-0.9090971249019053
3990,0.2820691034509911,-0.8766277250569411,-0.2085543151086084,-0.9090971249019053
3991,0.27247549439540986,-0.9873407074707503,-0.12122447880737569,-0.9200843460289826
3992,0.20540749450873186,-1.0980536898845596,-0.033894642506142256,-0.9310723864253985
3993,0.056813022468808816,0.26976608481708103,-0.033894642506142256,-0.9365664066236078
3994,-0.20637166213469685,1.3900244448182473,-0.12122447880737569,-0.9411453029683423
3995,-0.2869632602402694,1.5844908988503428,-0.12122447880737569,-0.9385806622244606
3996,-0.3561042990809621,1.455335274005025,-0.15615641332786892,-0.9347337011086365
3997,-0.35702405525476594,1.110431596574751,-0.17362238058811516,-0.9318043216543118
3998,-0.2860359962092124,0.45883595552942763,-0.12122447880737569,-0.9274102524728218
3999,-0.23709658909688308,-0.3972209945925769,-0.12122447880737569,-0.9296992910105168
4000,-0.14216865315644553,-0.5591196423945397,-0.12122447880737569,-0.9319883295482148
4001,-0.11979968119017849,-0.5474787146164987,-0.05572710158145067,-0.9354218873547588
4002,-0.1574448920216917,-0.07976525849398282,-0.033894642506142256,-0.9365664066236078
4003,-0.19945250444395787,0.3423831414828232,-0.033894642506142256,-0.9347337011086365
4004,-0.23613938558024017,0.5822713168767343,-0.033894642506142256,-0.9347337011086365
4005,-0.2187845112540839,1.123199711772682,-0.16488939695799204,-0.925578366227192
4006,-0.08441750783396335,1.8648215863366635,-0.2085543151086084,-0.925578366227192
4007,-0.04180026097546236,1.7036754461502635,-0.2740516923345334,-0.925578366227192
4008,-0.029464946248430577,1.1165416771019294,-0.40504644678638296,-0.9200843460289826
4009,-0.027929233594542722,-0.10957353523932127,-0.49783439785644307,-0.9196263744675759
4010,0.025292022591813592,-0.36061972075143406,-0.48582654536502345,-0.9182524597833528
4011,0.06396576920302154,-0.3353957458521085,-0.47782131037074393,-0.9164216658968469
4012,0.0903043580359436,-0.18016015613622516,-0.40067995497132125,-0.9155062689535896
4013,0.1217746503415795,-0.009410652406177358,-0.3832139877110748,-0.9155062689535896
4014,0.12857644370103027,0.22339450738054176,-0.3832139877110748,-0.9155062689535896
4015,0.12391277165985685,0.3418647250213596,-0.43561188949181445,-0.9171539834514464
4016,0.0773612692803245,0.0029951740785722786,-0.4705438240123077,-0.9182524597833528
4017,0.058376029936314446,-0.13255264629852884,-0.4705438240123077,-0.9155062689535896
4018,0.05379343932913925,-0.13255264629852884,-0.5687898898511953,-0.9155062689535896
4019,0.07525165556142359,-0.165697542481119,-0.5687898898511953,-0.9136760212466398
4020,0.08257209889103131,-0.22093903611875548,-0.5578736603135411,-0.9136760212466398
4021,0.09815160125600875,-0.3338107578490139,-0.4705438240123077,-0.9090971249019053
4022,0.09861213167897019,-0.4851026316410155,-0.4705438240123077,-0.9090971249019053
4023,0.15274392372838452,-0.5945219944449714,-0.44871136493699953,-0.9109281918781965
4024,0.14736259213480055,-0.6801903147015436,-0.3832139877110748,-0.9100126583900524
4025,0.1166419640843586,-0.7127269757566684,-0.3832139877110748,-0.9090971249019053
4026,0.12731925000768837,-0.6098213081564807,-0.2958841514098418,-0.9090971249019053
4027,0.12441061878722555,-0.41662075478608473,-0.2958841514098418,-0.9090971249019053
4028,0.11779418474960453,-0.2628238712190601,-0.2958841514098418,-0.9109281918781965
4029,0.10722260808666698,-0.13529610085428284,-0.2958841514098418,-0.9109281918781965
4030,0.07418846421463704,-0.3508873787139891,-0.2958841514098418,-0.9136760212466398
4031,0.033431804290442645,-0.5939139499405283,-0.2958841514098418,-0.9123021065624167
4032,-0.0027989155335175933,-0.6035626464098873,-0.36138152863576634,-0.9109281918781965
4033,0.006193311017108346,-0.15377758072652067,-0.2085543151086084,-0.9136760212466398
4034,0.017293332964080376,0.6022966597252929,-0.18672185603330047,-0.9166516074917771
4035,-0.02314367744064789,1.2609955822704761,-0.17944436967486424,-0.9237481185202422
4036,-0.12592351187215292,1.6357478194527906,-0.2085543151086084,-0.9228329946667673
4037,-0.2016753750028014,1.8212022663931924,-0.3832139877110748,-0.9182524597833528
4038,-0.15106892086893878,1.2532046956810299,-0.40504644678638296,-0.9152768735382155
4039,-0.0886376793099091,0.7056725189998313,-0.5142087421629243,-0.9063501148028036
4040,0.057725242534585317,0.18883843336507855,-0.5660608324667814,-0.8974233560673887
4041,0.1667037997940274,-0.3294866019378959,-0.5687898898511953,-0.8944477698222514
4042,0.2730054617969109,-0.8481843746579466,-0.5578736603135411,-0.8825446055723607
4043,0.41355486528413776,-0.8376804132149547,-0.5578736603135411,-0.8813996766688423
4044,0.5093941056228355,-0.6473602861914914,-0.5578736603135411,-0.8779648899582847
4045,0.5449564412371014,-0.2584113031982444,-0.5578736603135411,-0.8779648899582847
4046,0.529030437990586,-0.1538438898088009,-0.582435176773263,-0.8791098188618058
4047,0.49871354945837604,0.08328427767980202,-0.7107008738406988,-0.8825446055723607
4048,0.44951270317576053,0.519253576317158,-0.7570948493757288,-0.8825446055723607
4049,0.36274935362731214,0.5938663641281416,-0.8154966774021786,-0.8825446055723607
4050,0.317155793051319,0.6185403755177675,-0.8569783496452642,-0.8852907964021238
4051,0.29129511229179944,0.5683062222753298,-0.9181092350561273,-0.8859775489269007
4052,0.24332462660358115,0.6005846797827853,-0.9137427432410659,-0.8880378065012285
4053,0.20291392137929107,0.6878715444568407,-0.9071930055184732,-0.8880378065012285
4054,0.14876090272547615,0.6530425315420829,-0.9071930055184732,-0.8880378065012285
4055,0.118504652339782,0.5876845492301286,-0.9071930055184732,-0.8880378065012285
4056,0.10230250248434582,0.4094939608485784,-0.9071930055184732,-0.8880378065012285
4057,0.08785650978323978,0.23130337246702817,-0.9071930055184732,-0.8852907964021238
4058,0.07566053072796365,0.053112784085477975,-0.9071930055184732,-0.8852907964021238
4059,0.09874306117592616,0.06803534164767466,-0.9071930055184732,-0.8852907964021238
4060,0.10118477772651183,0.21169999650570726,-0.8373291364774867,-0.8852907964021238
4061,0.09319278567246224,0.3407013020322611,-0.8416956282925486,-0.8852907964021238
4062,0.08247605139540247,0.5872616345097185,-0.9071930055184732,-0.8852907964021238
4063,0.07370384187390996,0.9121946516211018,-0.9595909072992131,-0.8869390024615879
4064,0.06410780039813707,0.9774780536142038,-1.0027100139729468,-0.8880378065012285
4065,0.02201294838675688,0.9777748521850428,-1.0054390713573604,-0.8880378065012285
4066,-0.004054406903695544,0.9777748521850428,-0.9945228418197063,-0.8880378065012285
4067,-0.013555258765681474,0.9639102258901282,-1.0032558254498296,-0.8880378065012285
4068,-0.01826721557470086,0.9479788230046671,-1.0163553008950146,-0.8880378065012285
4069,-0.02304258903668028,0.928947255233393,-1.087310792889767,-0.8866643014516776
4070,-0.026856117379824514,0.8881169354779413,-1.086219169936001,-0.8852907964021238
4071,-0.004728236664127855,0.8528847097598353,-1.0818526781209397,-0.8818578530475838
4072,0.02185414479263283,0.8400448601910695,-1.0818526781209397,-0.8807135385960723
4073,0.06961772865959893,0.7819741790428147,-1.0818526781209397,-0.8807135385960723
4074,0.08563499988440804,0.6937496101749189,-1.0818526781209397,-0.8759519451883777
4075,0.08464603616259245,0.5377066733745395,-1.0818526781209397,-0.8688095550768401
4076,0.13728774284127251,0.36470914459105275,-1.0818526781209397,-0.8660622172699983
4077,0.23903720008479656,0.19171161580755236,-1.0818526781209397,-0.8642306587321057
4078,0.28500923856505916,0.01871408702406568,-1.0818526781209397,-0.8625824526726417
4079,0.3281534658678571,0.0068700575161233166,-1.0818526781209397,-0.861483648633001
4080,0.3415611445970738,-0.004973971991805238,-1.0818526781209397,-0.861483648633001
4081,0.35721361443127975,-0.0510437139304434,-1.1800987439598265,-0.861483648633001
4082,0.34663034366000767,-0.06986042305199221,-1.1710018860117815,-0.859957759486095
4083,0.3411463975499295,-0.047797582947913864,-1.1691825144221721,-0.8605681970717918
4084,0.33256593544956414,-0.03989139701626091,-1.1691825144221721,-0.8642306587321057
4085,0.2549803036105193,-0.035524374627724675,-1.1691825144221721,-0.865604983050998
4086,0.223674978704278,0.044810083237574225,-1.1691825144221721,-0.8669793073698904
4087,0.15989165637822644,0.1046034609476843,-1.1691825144221721,-0.8680774559940596
4088,0.13061442030534198,0.08223251803705292,-1.1691825144221721,-0.8688095550768401
4089,0.08479449826120697,0.03367216678066305,-1.0818526781209397,-0.8688095550768401
4090,0.06484832681201742,-0.05417229699437836,-0.9945228418197063,-0.8688095550768401
4091,0.05363984757480511,-0.10455333490088592,-0.9945228418197063,-0.8693589570966604
4092,0.04453076657655858,-0.14556851634026205,-0.9770568745594598,-0.8715565651759448
4093,0.02284114534246974,-0.14751304692284495,-0.9071930055184732,-0.8715565651759448
4094,-0.011499926255462324,-0.1396899147912228,-0.885360546443165,-0.8715565651759448
4095,-0.027689619659707215,-0.1301754871503237,-0.8198631692172402,-0.8741198950888808
4096,-0.03383305640748491,-0.1171846385164256,-0.8198631692172402,-0.8779648899582847
4097,-0.12037282133913754,-0.09028810591047122,-0.8198631692172402,-0.8779648899582847
4098,-0.15075036342737816,-0.06146127262986267,-0.8198631692172402,-0.8779648899582847
4099,-0.16015094036501207,-0.03134757223279271,-0.7325333329160073,-0.8779648899582847
4100,-0.16148334361174796,-0.025324832153375963,-0.7325333329160073,-0.8779648899582847
4101,-0.15943814593834496,-0.04246474795020471,-0.6452034966147738,-0.8807135385960723
4102,-0.156414733106609,-0.12816432693432084,-0.6452034966147738,-0.8820868388282885
4103,-0.1880454328798654,-0.13600786491108793,-0.5578736603135411,-0.8825446055723607
4104,-0.20231673349463636,-0.09194737554961738,-0.5578736603135411,-0.8825446055723607
4105,-0.22124953055560875,-0.07663600564132568,-0.5404076930532942,-0.8830938437383139
4106,-0.23291063927326153,-0.04874570121408737,-0.4705438240123077,-0.8852907964021238
4107,-0.2608064077814143,0.029460341288926686,-0.4705438240123077,-0.8852907964021238
4108,-0.262479285077868,0.06074685465594815,-0.418145922231568,-0.8852907964021238
4109,-0.257698808926817,0.06075368193230788,-0.3832139877110748,-0.8836430819042671
4110,-0.25095885394374334,0.05310474662096377,-0.3832139877110748,-0.8825446055723607
4111,-0.22304586145223765,0.04035196958447911,-0.31771661048515,-0.8825446055723607
4112,-0.1877142413496682,0.06407703389832516,-0.2958841514098418,-0.8820868388282885
4113,-0.17769214087434493,0.06216832744331227,-0.2958841514098418,-0.8807135385960723
4114,-0.16644154795127178,0.008129774328650762,-0.2958841514098418,-0.8816290720842165
4115,-0.14102327431504827,-0.017037402488058878,-0.2958841514098418,-0.8825446055723607
4116,-0.13984417318087053,-0.022956995106152383,-0.2958841514098418,-0.8797967762039145
4117,-0.1526337740536893,0.025591500890080054,-0.2958841514098418,-0.8779648899582847
4118,-0.12720042160956377,0.11045205596252518,-0.2958841514098418,-0.8779648899582847
4119,-0.07717517553210726,0.13209292917936574,-0.23038677418391706,-0.877506918396878
4120,-0.06955159078035426,0.1367249199815423,-0.3308160859303348,-0.8761330037126549
4121,-0.06416944910295592,0.11584358716172977,-0.34828205319058153,-0.8743024282979709
4122,-0.045052057488582625,0.11071461313679881,-0.2609522168893486,-0.8715565651759448
4123,-0.026489062091094057,0.1292141773042178,-0.25221923325922496,-0.870183060126391
4124,0.024402377890882634,0.07228213696279669,-0.2958841514098418,-0.8688095550768401
4125,0.051719715736159105,-0.03493763971785578,-0.2958841514098418,-0.8688095550768401
4126,0.07864963242376227,-0.03448754170479753,-0.2958841514098418,-0.8688095550768401
4127,0.07929727714088747,-0.007119975018328866,-0.2958841514098418,-0.8688095550768401
4128,0.07238402734335521,0.02024759166815361,-0.2958841514098418,-0.8688095550768401
4129,0.06522992114764668,0.1528476719330069,-0.2958841514098418,-0.8688095550768401
4130,0.05423752780153969,0.3556027612501028,-0.2958841514098418,-0.8688095550768401
4131,0.04644352273732936,0.4587435246874659,-0.3832139877110748,-0.8688095550768401
4132,0.038668791549766504,0.5078604703617791,-0.3832139877110748,-0.8642306587321057
4133,0.08810042953556213,0.4759416893915452,-0.3832139877110748,-0.8628571536825548
4134,0.13852380837988135,0.39600977454090003,-0.31771661048515,-0.861483648633001
4135,0.14674335913563646,0.30407457622014505,-0.2958841514098418,-0.8563569888071291
4136,0.1619471869862983,0.014741288945098689,-0.3832139877110748,-0.8550753238506582
4137,0.2226535283043502,-0.15892631497160248,-0.3832139877110748,-0.8504972467752652
4138,0.2539501673816643,-0.15909539385079965,-0.3832139877110748,-0.8490320654864985
4139,0.28943229391159636,-0.18611832858400618,-0.3832139877110748,-0.8431713403314289
4140,0.35550315418827266,-0.253422047098213,-0.3832139877110748,-0.8431713403314289
4141,0.39235436716714117,-0.3706143078805392,-0.3832139877110748,-0.8431713403314289
4142,0.38351646346664114,-0.4359106696311857,-0.3832139877110748,-0.8431713403314289
4143,0.3658931168971664,-0.24373489298693873,-0.3832139877110748,-0.8431713403314289
4144,0.3448890772319087,-0.06594698157778943,-0.3832139877110748,-0.8446361939124584
4145,0.32356551275009643,0.05428946889102419,-0.3832139877110748,-0.8450024073077173
4146,0.2797976498931483,0.15391163129867813,-0.3832139877110748,-0.8472000153870015
4147,0.2521664751394543,0.17107664146161045,-0.3832139877110748,-0.8477494174068219
4148,0.18962339818246066,0.2833379177616713,-0.36138152863576634,-0.8550753238506582
4149,0.1130585117581158,0.4589967048198086,-0.2958841514098418,-0.8550753238506582
4150,0.024491936269296074,0.5676682485291604,-0.2958841514098418,-0.8550753238506582
4151,-0.0022099800342938306,0.6188109701565694,-0.3832139877110748,-0.8523266752128734
4152,-0.016497046464429253,0.5836604586610633,-0.19108834784836215,-0.8550753238506582
4153,0.012174648817832515,0.5824979733761537,-0.1357794515242474,-0.8550753238506582
4154,-0.015047021547533426,0.6039941722316556,-0.2085543151086084,-0.8550753238506582
4155,-0.028361241008612825,0.6050780952408262,-0.2085543151086084,-0.8545255941231036
4156,-0.033716001179614284,0.5925538343524333,-0.2085543151086084,-0.8523266752128734
4157,-0.000554798166689573,0.5800295734640266,-0.2085543151086084,-0.8500380463098477
4158,0.0344099445414199,0.5385882713217249,-0.2085543151086084,-0.8477494174068219
4159,0.0793285641598639,0.3814788041637327,-0.2740516923345334,-0.8477494174068219
4160,0.0800136711156892,0.2705462929800185,-0.17362238058811516,-0.8448200379524943
4161,0.07332119113054406,0.17414192949246665,-0.17944436967486424,-0.8404259687710042
4162,0.11005698257530058,0.08967320081531376,-0.2085543151086084,-0.8389598043590261
4163,0.17457829216989465,0.164843587727297,-0.2085543151086084,-0.8380436973823455
4164,0.1979890923331393,0.3464400516986813,-0.2085543151086084,-0.8358454338875897
4165,0.203923021910492,0.3464400516986813,-0.2085543151086084,-0.8358454338875897
4166,0.22245178867001217,0.4616329931819615,-0.2085543151086084,-0.8358454338875897
4167,0.21657234884341955,0.6536212289874376,-0.2085543151086084,-0.8358454338875897
4168,0.20317657653138377,0.6012383935636567,-0.2085543151086084,-0.8358454338875897
4169,0.19100305826836855,0.487762790332551,-0.27841818414959485,-0.8358454338875897
4170,0.17649616017983652,0.5406225153177803,-0.2085543151086084,-0.8353880767781869
4171,0.16284207819842383,0.5901252592890104,-0.17362238058811516,-0.8340160054499814
4172,0.14864153036340255,0.6262000792041753,-0.12122447880737569,-0.8326425004004305
4173,0.16051548483665334,0.6389812552819473,-0.12122447880737519,-0.8312689953508767
4174,0.19180833659806237,0.6168219656036431,-0.06882657702663499,-0.8257748112988003
4175,0.19471765268577576,0.5135823413527014,-0.07755956065675836,-0.8221120219307492
4176,0.18830268947209966,0.2887222152428034,-0.033894642506142256,-0.8161596205364638
4177,0.29257184524784907,0.1260889431838247,-0.012062183430833586,-0.8102072191421784
4178,0.3478262879628094,0.056795952201211176,0.14076503009632338,-0.8028837705063607
4179,0.4969493100143832,-0.08427963439869261,0.05343519379509069,-0.8028837705063607
4180,0.6034611363748918,-0.24330086990292268,0.14076503009632388,-0.7937267970862333
4181,0.6703538673172548,-0.3122489196999401,0.18442994824694023,-0.792582482634719
4182,0.7293514828186161,-0.3573444539600215,0.31542470269878975,-0.7891495392801817
4183,0.7566400527293535,-0.3070299260724003,0.2717597845481734,-0.786860910377153
4184,0.8045232743444535,-0.2795659098117058,0.22809486639755708,-0.7845722814741273
4185,0.8047129055257711,-0.28637766099137396,0.14076503009632388,-0.7799925658600542
4186,0.7778824261984054,-0.19898121379027328,0.22809486639755708,-0.7793058133352773
4187,0.7830807912251223,-0.08927504364015991,0.22809486639755708,-0.7772455557609496
4188,0.7739962120376919,0.015461819925233633,0.22809486639755708,-0.7793058133352773
4189,0.7556227081086031,0.09546921741643735,0.15823099735657062,-0.7799925658600542
4190,0.6807158746009943,0.1589903041914837,0.31542470269878975,-0.7708372309786067
4191,0.6508851116931301,0.2323824020786791,0.22809486639755708,-0.7694635211117183
4192,0.7083542176319277,0.24214055379319216,0.26302680091805003,-0.7653423915110588
4193,0.7218906973477538,0.15644778624870928,0.2717597845481734,-0.7607639048009937
4194,0.7516836170595087,-0.09628760638976339,0.2935922436234816,-0.7561854180909313
4195,0.8333167458728444,-0.3778510399966466,0.24992732547286525,-0.7543543511146401
4196,0.8358327461219074,-0.3292796372265411,0.31542470269878975,-0.7506922171620605
4197,0.8253120045868515,-0.24302960547541266,0.31542470269878975,-0.7470300832094838
4198,0.8302563651909561,-0.13166048773694033,0.40275453900002295,-0.7442830731103791
4199,0.8504617169470153,0.021608219590255454,0.24992732547286525,-0.7431385538415302
4200,0.8416705226199294,0.07851346838328667,0.25720481183130095,-0.7397049960349861
4201,0.8350902438660042,0.07275405095097086,0.22809486639755708,-0.7424520061340908
4202,0.7873415216184126,0.0733051913751083,0.22809486639755708,-0.7387898721815113
4203,0.757020222541098,0.14903188565271328,0.22809486639755708,-0.7351277382289345
4204,0.7848949360897053,0.23778639134788965,0.22809486639755708,-0.7351277382289345
4205,0.7518162587245953,0.30347658885995354,0.18442994824694023,-0.7342122047407904
4206,0.7154901805526789,0.36916678637200356,0.22809486639755708,-0.7332966712526433
4207,0.6890515445993747,0.4309479630153565,0.22809486639755708,-0.7305488418842001
4208,0.6718760019071439,0.47709305618385156,0.2717597845481734,-0.729404322615351
4209,0.6543465540622939,0.4897279504073875,0.22809486639755708,-0.7223086308562274
4210,0.6765274833112267,0.4800227120009597,0.31542470269878975,-0.7186464969036479
4211,0.7555066701939641,0.46736370538386734,0.31542470269878975,-0.711320918167546
4212,0.8030571533349609,0.4108683672812958,0.31542470269878975,-0.7094895234835203
4213,0.937352139333707,0.28861853195051895,0.18442994824694023,-0.7003325500633929
4214,0.9731732135154684,0.26416856488435253,0.19898492096381218,-0.6954502509728516
4215,0.9637153636977779,0.22933367156749537,0.22809486639755708,-0.6930091014275781
4216,0.9937729589200182,0.1422464382753318,0.0752676528703991,-0.6884293858135022
4217,1.0008276309515367,0.07159689922166886,0.18442994824694023,-0.6847672518609255
4218,0.9847008134975562,0.00505678372763453,0.1756969646168166,-0.6811051179083459
4219,0.9374798670762585,-0.05903697239437737,0.14076503009632388,-0.6776715601018019
4220,0.9829292502543843,-0.07206972111159458,0.05343519379509069,-0.6765270408329529
4221,0.9717812336664543,-0.008510958721605953,0.22809486639755708,-0.6692011343891138
4222,0.9693763265904706,0.05504780366838268,0.16987497553006803,-0.6676751086973151
4223,0.9946629952794105,0.09912458930070428,0.12329906283607714,-0.6646230573137207
4224,1.0370390606332522,0.06527346790241295,0.10583309557583115,-0.661876211068486
4225,1.039568902049484,0.04066543070071291,0.0752676528703991,-0.6600449802383277
4226,1.0510551360495337,0.029922019793927446,0.14076503009632388,-0.6582130939926979
4227,1.0453363232761246,0.06574285583030808,0.22809486639755708,-0.6582130939926979
4228,1.0088164619151734,0.13260652316210972,0.14076503009632388,-0.6582130939926979
4229,0.9699671958123794,0.19617965251992595,0.22809486639755708,-0.6582130939926979
4230,0.9133168600881457,0.2575590898950807,0.14076503009632388,-0.6536350169173049
4231,0.9225279308327357,0.3098722672930258,0.15823099735657062,-0.6521698356285353
4232,0.8871804252342493,0.3599188796966927,0.1931629318770636,-0.6463091104734657
4233,0.8715345814907093,0.21078372555056235,0.08254513922883484,-0.6438676878384126
4234,0.896536989177915,0.12419009219125461,0.14076503009632388,-0.6389848425683095
4235,0.9347245433902202,0.13140874001219469,0.05343519379509069,-0.6371537755920182
4236,0.9385136399502231,0.13098777780801946,0.21062889913731084,-0.6362379963230719
4237,0.9264221373942834,0.1286569130975723,0.14076503009632388,-0.6325748792472866
4238,0.8936541928623767,0.13883770148804528,0.1756969646168166,-0.629645499792959
4239,0.9060216541167847,0.16372537547612376,0.18442994824694023,-0.6252514306114689
4240,0.9025399670716433,0.24744059185462391,0.14076503009632388,-0.6231911730371412
4241,0.9287209628133097,0.3000156566381619,0.07090116105533693,-0.6225044205123643
4242,0.9225647047798471,0.3318306203583642,0.14076503009632388,-0.6179255241676298
4243,0.8991705845585319,0.32635787249387843,0.14076503009632388,-0.6179255241676298
4244,0.9078499414901275,0.3218020079627829,0.10583309557583115,-0.6133474470922368
4245,0.8875870166538633,0.33260436027604273,0.05343519379509069,-0.6115165439698156
4246,0.8987709747898314,0.3564574116439399,0.05343519379509069,-0.6087701892861852
4247,0.9367979618748377,0.3998865115937931,0.05343519379509069,-0.6067099317118574
4248,0.9174954954439045,0.40904788156778416,0.05343519379509069,-0.6060231791870805
4249,0.9098838773776508,0.3953640982245567,0.12329906283607665,-0.6008945531147886
4250,0.8835746162726397,0.34435794651508495,0.07090116105533693,-0.5996123965967163
4251,0.922954192210559,0.2684702158948113,-0.016428675245895762,-0.5974154439329062
4252,0.9065353045560001,0.19258248527453764,-0.033894642506142256,-0.596866205766953
4253,0.9047826778923537,0.11669475465426399,0.0359692265348442,-0.5932043995221107
4254,0.8739560495129391,0.0685736508338237,0.05343519379509069,-0.5922889479609015
4255,0.8874801659480533,0.03896363154660563,0.05343519379509069,-0.5900900290506714
4256,0.8713276488504308,0.11202177278303321,0.05343519379509069,-0.5895402993231139
4257,0.8641128634161697,0.2535253543685763,0.05343519379509069,-0.5864893402986404
4258,0.8334119081775496,0.3612691737358536,0.05343519379509069,-0.5849638607864037
4259,0.8518605711510742,0.4465064849576113,-0.016428675245895762,-0.5834983517899
4260,0.8267553751623089,0.46216145647407814,-0.033894642506142256,-0.5813004979298134
4261,0.8009608774057981,0.4604208430642326,-0.033894642506142256,-0.5758060680969348
4262,0.8170166552918672,0.4586802296543733,-0.08629254428688221,-0.5747074279111613
4263,0.8277534364894871,0.4487489375583469,-0.12122447880737519,-0.5732882485958696
4264,0.8063660466601821,0.4386277603630567,-0.12122447880737519,-0.5712279910215418
4265,0.7890032698220169,0.43641243420506515,-0.12122447880737519,-0.5690316937732032
4266,0.7667195223085823,0.4375768618772262,-0.12122447880737519,-0.5684826194611171
4267,0.7585485140875852,0.4395862280069254,-0.2085543151086084,-0.5620726561400943
4268,0.8225215497790247,0.3531834844299441,-0.2085543151086084,-0.5593256460409897
4269,0.8297154484742593,0.34964700004167465,-0.2085543151086084,-0.5556625289652044
4270,0.8373875968204382,0.37703867912171357,-0.2085543151086084,-0.5547467496962551
4271,0.8270810946031605,0.4452767528862326,-0.2085543151086084,-0.5520013781358334
4272,0.8156224470560327,0.5192113796284342,-0.2667742059760972,-0.5520013781358334
4273,0.7799084929612016,0.5969437083557759,-0.2958841514098413,-0.5520013781358334
4274,0.7384736749155404,0.5725098162186657,-0.2958841514098413,-0.5474208432524189
4275,0.7332002227554526,0.5296460179399582,-0.2958841514098413,-0.5474208432524189
4276,0.7769029461758675,0.41306259509491844,-0.30025064322490325,-0.5428444047157058
4277,0.7587133171188393,0.2569107344238901,-0.35774278545654825,-0.5397918071525496
4278,0.7254089759941008,0.0743799152021936,-0.3832139877110748,-0.5382655083709714
4279,0.7119391210206614,0.0490446788297603,-0.3040713235630823,-0.5364344413946831
4280,0.700123985229929,0.16761651298627436,-0.2958841514098413,-0.5346031013286152
4281,0.6889896428727766,0.3821263941621097,-0.2958841514098413,-0.5336874312955784
4282,0.6682668542176794,0.45708579763046026,-0.2958841514098413,-0.5336874312955784
4283,0.6584258511352766,0.5224243560698306,-0.2958841514098413,-0.5336874312955784
4284,0.6243149418475197,0.5733316469657098,-0.2958841514098413,-0.5309404211964737
4285,0.5841052811173068,0.5091745958106053,-0.2958841514098413,-0.5300252973429987
4286,0.5814755706461784,0.4304295465538929,-0.2958841514098413,-0.5291101734895268
4287,0.5657879106203818,0.4083968469417739,-0.2958841514098413,-0.5245320964141309
4288,0.5494158302181804,0.3572303478151629,-0.2958841514098413,-0.5220901275995188
4289,0.5666254895725837,0.28664131567889045,-0.2958841514098413,-0.5172061899702947
4290,0.563642252337993,0.1070441710065522,-0.2958841514098413,-0.5103384599051968
4291,0.6209205970645069,-0.07717552044715806,-0.2958841514098413,-0.5080492165501671
4292,0.7502967437519462,-0.27988539902632875,-0.2085543151086084,-0.5053022064510624
4293,0.7711708341365011,-0.28522428483292867,-0.2085543151086084,-0.5053022064510624
4294,0.7729610728535607,-0.1589825087911434,-0.2085543151086084,-0.5053022064510624
4295,0.7464910699801017,0.09524678058587502,-0.22602028236885513,-0.5049361569096736
4296,0.7140960191161062,0.3814729482967328,-0.2958841514098413,-0.5034719587441127
4297,0.6859186056564428,0.45692571812880145,-0.2958841514098413,-0.5027852062193386
4298,0.6639450781818547,0.4796851384911695,-0.2958841514098413,-0.5007249486450079
4299,0.6477874742327174,0.5047218404671909,-0.33954906956045816,-0.4998094151568638
4300,0.6323152700201541,0.5095091552711941,-0.3832139877110748,-0.4988938816687196
4301,0.6214820483843193,0.43329892138710985,-0.3832139877110748,-0.49614851010829786
4302,0.6009204569343928,0.38126638545859187,-0.3832139877110748,-0.49614851010829786
4303,0.6009773283110227,0.34535231483380774,-0.3832139877110748,-0.4888209651257787
4304,0.5817525566455252,0.3280637286538918,-0.3832139877110748,-0.48836340319904126
4305,0.6464479338131286,0.3154315135851894,-0.3832139877110748,-0.48699071741882893
4306,0.6473618463571024,0.29233184055819766,-0.40067995497132125,-0.48552569998392936
4307,0.6475987248179872,0.2692321675311922,-0.4705438240123077,-0.47966563024433123
4308,0.637271039656596,0.23633214610094994,-0.47491031582736937,-0.47966563024433123
4309,0.6867652984796044,0.2186095368370179,-0.4760019387811349,-0.47966563024433123
4310,0.6780502685250055,0.2615965762383409,-0.5229417257930477,-0.4785664984969533
4311,0.654213934655393,0.31940523604328325,-0.5578736603135411,-0.47783374399870143
4312,0.6266901487990256,0.3994463264536408,-0.5753396275737874,-0.47783374399870143
4313,0.6081986371058619,0.3909093335150173,-0.645203496614774,-0.47783374399870143
4314,0.5729631073031245,0.24950521555288763,-0.6561197261524282,-0.47051029536288375
4315,0.5407706824058366,0.02408146224361459,-0.6517532343373665,-0.4686780814095168
4316,0.5839404678130438,-0.22234719990244087,-0.6015385784641575,-0.4659297604794692
4317,0.6553068201340706,-0.36706174856324136,-0.5578736603135411,-0.4631834057958389
4318,0.6541365532167251,-0.48878225944499665,-0.5578736603135411,-0.46135250267341765
4319,0.6848487659608046,-0.5185266192105986,-0.5578736603135411,-0.458605492574313
4320,0.6792081051017218,-0.4814375478204496,-0.5578736603135411,-0.458605492574313
4321,0.6690686522802856,-0.42764011864135265,-0.5578736603135411,-0.458605492574313
4322,0.6283826852099563,-0.2946150574400739,-0.5578736603135411,-0.46226762652689257
4323,0.5530586220114136,-0.10172093240446481,-0.5578736603135411,-0.4659297604794692
4324,0.42223271550777824,0.17837064051242132,-0.5578736603135411,-0.47233972380049205
4325,0.28759491492547956,0.4480376219484317,-0.5578736603135411,-0.4764602389491505
4326,0.2134159189537342,0.6124359212157505,-0.5578736603135411,-0.47783374399870143
4327,0.13454935934671944,0.7066550990372427,-0.5578736603135411,-0.4816494909526468
4328,0.09182675801189298,0.7420624266609485,-0.5578736603135411,-0.4824126403434359
4329,0.04818810487413299,0.6047078990809237,-0.5578736603135411,-0.4824126403434359
4330,0.01327718236392671,0.7655375641019024,-0.5578736603135411,-0.4824126403434359
4331,-0.00657666983573862,0.38699709766049784,-0.5578736603135411,-0.4824126403434359
4332,-0.020212941630234574,0.3257382222531253,-0.5578736603135411,-0.4824126403434359
4333,-0.028832744003718366,0.36344330788818396,-0.5578736603135411,-0.4824126403434359
4334,-0.03399009746719849,0.7970042376929529,-0.5578736603135411,-0.48094745905466924
4335,-0.038263678752414994,0.14962263929483235,-0.5578736603135411,-0.4772845058327482
4336,-0.0408763607025283,0.12843387345717516,-0.5453979694133646,-0.4750867338995967
4337,-0.04322031495995212,0.2993967718702085,-0.48301951491248396,-0.4750867338995967
4338,0.012349482158038367,0.06602898956717695,-0.4705438240123077,-0.4750867338995967
4339,0.04921012383278173,0.06426074737304226,-0.4596275944746536,-0.4750867338995967
4340,0.06680394085252704,0.09387478539252435,-0.40504644678638296,-0.4750867338995967
4341,0.07533565681280689,-0.07880076275172501,-0.3832139877110748,-0.4741710638665657
4342,0.078324035117572,-0.04549886809553736,-0.3832139877110748,-0.47233972380049205
4343,0.07628251004480936,0.019017859596774895,-0.4559888512954355,-0.47233972380049205
4344,0.07975774193073608,0.008938879090208414,-0.42687890586169114,-0.4714250095816864
4345,0.10325847657866079,-0.006820292412696798,-0.3832139877110748,-0.47051029536288375
4346,0.11690042442453108,-0.05652626941531942,-0.3832139877110748,-0.47051029536288375
4347,0.13054237227040139,-0.11175570685616386,-0.3832139877110748,-0.4694923987221256
4348,0.13230373669874088,-0.12090636021080721,-0.3832139877110748,-0.46694765712022446
4349,0.1337128282414135,-0.12138860808193612,-0.3832139877110748,-0.4659297604794692
4350,0.16561278913945293,-0.12148505765616191,-0.3832139877110748,-0.4659297604794692
4351,0.18591302782651034,-0.14564567599963715,-0.3832139877110748,-0.4678928468580767
4352,0.19171433856768597,-0.15931740314610016,-0.3832139877110748,-0.47051029536288375
4353,0.19449353232342026,-0.16196976643729533,-0.3832139877110748,-0.47051029536288375
4354,0.19098556887857193,-0.13947634787686178,-0.3832139877110748,-0.47051029536288375
4355,0.16744436102199253,-0.1404856237785717,-0.3832139877110748,-0.4689832683418925
4356,0.12937833574264124,-0.18617860956789728,-0.3832139877110748,-0.467761646725099
4357,0.1111491489433633,-0.20106399385668297,-0.43173056343398186,-0.467761646725099
4358,0.09345584603767979,-0.145042866160726,-0.4705438240123077,-0.467761646725099
4359,0.09653630652802392,-0.12083402303013788,-0.41596267632403705,-0.467761646725099
4360,0.10756817498048968,-0.09201971273028656,-0.3832139877110748,-0.467761646725099
4361,0.10740975757539861,-0.11161344373417807,-0.3832139877110748,-0.467761646725099
4362,0.10721173581903694,-0.08930465721583963,-0.3832139877110748,-0.4675326609443971
4363,0.10390172958453067,-0.04743589704456719,-0.3832139877110748,-0.46638773204087597
4364,0.10059172335002439,-0.02549361890827108,-0.3832139877110748,-0.4659297604794692
4365,0.09437931696407341,-0.04802263195443609,-0.3832139877110748,-0.4659297604794692
4366,0.09495748787745308,0.007566883896857722,-0.3832139877110748,-0.4669765526198283
4367,0.10261532154685575,0.058287303742674546,-0.3832139877110748,-0.467761646725099
4368,0.10029665400160309,0.016134017327440613,-0.3832139877110748,-0.467761646725099
4369,0.08684215146906964,0.026540926386358184,-0.3832139877110748,-0.4681543108162074
4370,0.07586620406858201,0.15455398143974333,-0.3832139877110748,-0.4701176312717725
4371,0.06346908417085739,0.1925432363191144,-0.3832139877110748,-0.47051029536288375
4372,0.04343958258830798,0.15498282438242186,-0.3832139877110748,-0.47051029536288375
4373,0.02341008100575858,0.2863761630441247,-0.43173056343398186,-0.47051029536288375
4374,0.014576471422930433,0.3283319370680824,-0.4705438240123077,-0.47051029536288375
4375,0.003534459444395248,0.31101357378016226,-0.4705438240123077,-0.47051029536288375
4376,-0.001532722684480639,0.31117009510239807,-0.4705438240123077,-0.47051029536288375
4377,-0.0065999048133565255,0.3403315786644002,-0.4705438240123077,-0.4687923899642683
4378,-0.009692014824321138,0.30661441500808606,-0.4705438240123077,-0.467761646725099
4379,-0.012165702833091818,0.27900733187895027,-0.4705438240123077,-0.467761646725099
4380,-0.015121541739233756,0.17454279803534944,-0.4705438240123077,-0.46712073231993
4381,-0.013509256574778977,0.06488686585905426,-0.4705438240123077,-0.4639161602940908
4382,0.003419685965919019,-0.012260737324543655,-0.4705438240123077,-0.46135250267341765
4383,0.01456088298818432,0.29312754954556036,-0.4705438240123077,-0.46135250267341765
4384,0.019480040477403097,-0.16390277665407496,-0.4705438240123077,-0.46135250267341765
4385,0.03902150522360754,-0.3205776466234341,-0.4705438240123077,-0.46135250267341765
4386,0.08295600959989902,0.11117542776920472,-0.5079708967128361,-0.46135250267341765
4387,0.1082596626162143,-0.3652854689045924,-0.5578736603135411,-0.46135250267341765
4388,0.123719365147811,-0.45658463586641557,-0.5578736603135411,-0.45753743844392397
4389,0.12476830592900318,-0.4515933704002452,-0.5578736603135411,-0.45677442559802467
4390,0.12560745855395966,-0.45158975354120895,-0.5578736603135411,-0.45677442559802467
4391,0.15780665293599444,-0.4366099290443226,-0.5578736603135411,-0.45677442559802467
4392,0.17863664429013423,-0.4162500267351613,-0.5578736603135411,-0.45677442559802467
4393,0.18618901791472894,-0.4505951173070056,-0.5578736603135411,-0.45677442559802467
4394,0.18571236253690931,-0.368070450360348,-0.5578736603135411,-0.45638199558386516
4395,0.1830628557332585,-0.37751045243766873,-0.5578736603135411,-0.4544198455130765
4396,0.17817797001307972,-0.40994162177097704,-0.5578736603135411,-0.45402741549891995
4397,0.1732930842929009,-0.3923744034877452,-0.5578736603135411,-0.45402741549891995
4398,0.19433182244619276,-0.3632251988329331,-0.5578736603135411,-0.45677442559802467
4399,0.17960646197718827,-0.3734565562709983,-0.5869836057472853,-0.45677442559802467
4400,0.13920975258592086,-0.40994162177097704,-0.645203496614774,-0.45677442559802467
4401,0.12163468402122961,-0.4755755570314138,-0.645203496614774,-0.4551262195385607
4402,0.107634036951974,-0.5412094922918368,-0.6517532343373665,-0.45402741549891995
4403,0.11202638684597703,-0.5313903898047243,-0.649569988429836,-0.45567562155838104
4404,0.12483024037703805,-0.5439074012153113,-0.5928055948340344,-0.45677442559802467
4405,0.09478800843943307,-0.6457688682167659,-0.5578736603135411,-0.4581477258302409
4406,0.06801145127909382,-0.7171576280726513,-0.5578736603135411,-0.458605492574313
4407,0.035335456682043874,-0.7428373272101828,-0.5578736603135411,-0.46318438891904745
4408,0.014543500543670837,-0.7324280069118985,-0.5578736603135411,-0.46318438891904745
4409,-0.04264992600835392,-0.6979593403230704,-0.5578736603135411,-0.46318438891904745
4410,-0.07342327696619012,-0.633230423567456,-0.4705438240123077,-0.46318438891904745
4411,-0.08974674543232629,-0.5483280067006412,-0.4705438240123077,-0.47051029536288375
4412,-0.18745590942210555,-0.5477458351366719,-0.4705438240123077,-0.47124206673792707
4413,-0.22196553415607498,-0.5640365620433402,-0.42687890586169114,-0.47233972380049205
4414,-0.229129944750318,-0.56349863752981,-0.3832139877110748,-0.47673526766679497
4415,-0.275255972493283,-0.5015790511681198,-0.3832139877110748,-0.47966563024433123
4416,-0.388603510263912,-0.3475869720342169,-0.3832139877110748,-0.4842437073197242
4417,-0.4429839185428295,-0.30705403846595675,-0.3832139877110748,-0.48479310933954456
4418,-0.44908432565186984,-0.2665211048977104,-0.36138152863576634,-0.48699071741882893
4419,-0.4701666970091079,-0.4726150909336518,-0.2958841514098413,-0.48470167888113097
4420,-0.46689988021569895,-0.671862496777007,-0.2958841514098413,-0.4824126403434359
4421,-0.4086027383791362,-0.843723581850018,-0.2958841514098413,-0.4824126403434359
4422,-0.36979354214710713,-0.9516265430147653,-0.24348624962910162,-0.4824126403434359
4423,-0.34693777210246096,-0.8036970085464433,-0.2085543151086084,-0.4824126403434359
4424,-0.32848052089359275,-0.7025615925065294,-0.2085543151086084,-0.4824126403434359
4425,-0.31439384593660924,-0.6716173541091924,-0.2085543151086084,-0.4824126403434359
4426,-0.30337290218692253,-0.5554629309328422,-0.2085543151086084,-0.4842437073197242
4427,-0.3027788654539701,-0.38250171790382526,-0.2085543151086084,-0.4842437073197242
4428,-0.3087386359288357,-0.22337499067777739,-0.2740516923345334,-0.48630396489405203
4429,-0.30121479130571904,-0.1226123120549257,-0.2958841514098413,-0.4888209651257787
4430,-0.3267258225065083,-0.1093957063368434,-0.2958841514098413,-0.4888209651257787
4431,-0.3525108862166188,-0.15967105158493264,-0.3832139877110748,-0.4888209651257787
4432,-0.3457338336866569,-0.26071906019821145,-0.3832139877110748,-0.4888209651257787
4433,-0.3331437922874236,-0.385033519227252,-0.40504644678638296,-0.4888209651257787
4434,-0.3221777766035384,-0.4304317979842057,-0.4705438240123077,-0.4888209651257787
4435,-0.31140014992299203,-0.4923376892853382,-0.4705438240123077,-0.4901944701753296
4436,-0.32874927992507147,-0.6202740307631721,-0.4705438240123077,-0.4915679752248805
4437,-0.33108363283281034,-0.6349022161873649,-0.4705438240123077,-0.4915679752248805
4438,-0.3251547883948059,-0.6506449300248349,-0.4705438240123077,-0.49248350871302754
4439,-0.3144971410399354,-0.6708457575153862,-0.4705438240123077,-0.4933990422011717
4440,-0.3102506730071722,-0.6705939169604603,-0.5360412012382327,-0.4954611431315142
4441,-0.31972932823590483,-0.6396630743373186,-0.5578736603135411,-0.49614851010829786
4442,-0.3371352739691499,-0.6574863432759367,-0.5578736603135411,-0.4988938816687196
4443,-0.34851690819375797,-0.7136372186134243,-0.5578736603135411,-0.4993516484127917
4444,-0.37787867743159215,-0.7930875553816489,-0.5578736603135411,-0.5007249486450079
4445,-0.38853871154883685,-0.8302501121616873,-0.5578736603135411,-0.5080492165501671
4446,-0.39288852262563223,-0.8568407239446828,-0.5578736603135411,-0.5080492165501671
4447,-0.45326847076467325,-0.8574736742755394,-0.5578736603135411,-0.5126289321642402
4448,-0.4888242890109514,-0.8664663914523827,-0.5578736603135411,-0.5144598352866614
4449,-0.5346706760378828,-0.8879987588982191,-0.5578736603135411,-0.5172061899702947
4450,-0.5510675828779796,-0.8758412900670925,-0.5142087421629243,-0.5208691431922128
4451,-0.5971810475872855,-0.8131490668205421,-0.4705438240123077,-0.5245320964141309
4452,-0.6250195031221106,-0.74829878435069,-0.4705438240123077,-0.5291101734895268
4453,-0.687838346872062,-0.7015259077928224,-0.4705438240123077,-0.5313988023925525
4454,-0.7311093385374758,-0.6840271993262061,-0.40504644678638296,-0.5336874312955784
4455,-0.7381265740128148,-0.6994289907103303,-0.3832139877110748,-0.541012518470076
4456,-0.8005051291621699,-0.7052219932622523,-0.3832139877110748,-0.5419282977390224
4457,-0.855290900094709,-0.6966018125658507,-0.36574802045082805,-0.5455914148148105
4458,-0.8755408735205069,-0.7427348495375679,-0.2958841514098413,-0.546735729266322
4459,-0.8930839793305356,-0.8709977130114624,-0.2958841514098413,-0.5501686726208621
4460,-0.9099834939814904,-0.9026852733506412,-0.23038677418391657,-0.5536022304274091
4461,-0.9108357385098159,-0.9535374502040997,-0.18672185603329997,-0.5547467496962551
4462,-0.926262344260722,-1.0693522905045207,-0.12122447880737519,-0.5547467496962551
4463,-0.9025432802107186,-1.1198587128575312,-0.12122447880737519,-0.5591422935625581
4464,-0.8617529462198135,-1.1274943041503827,-0.12122447880737519,-0.5620726561400943
4465,-0.8985511564659433,-1.0289549891500227,-0.12122447880737519,-0.5635361988901809
4466,-0.9062518106993307,-0.9540023229681031,-0.12122447880737519,-0.5653672658664692
4467,-0.9036877019501308,-0.9144296300138366,-0.12122447880737519,-0.5712279910215418
4468,-0.9683074697730819,-0.8748569370595562,-0.12122447880737519,-0.5726014960710927
4469,-0.9561038458871021,-0.8352842441052898,-0.06882657702663499,-0.5739750011206465
4470,-0.9394751434425767,-0.8128643098208529,-0.033894642506142256,-0.5750736413064171
4471,-0.9335707681700521,-0.7904443755364022,-0.08629254428688221,-0.5758060680969348
4472,-0.909939829413735,-0.8576994558700479,-0.12122447880737519,-0.5747074279111613
4473,-0.8903003415201213,-0.9607169153855174,-0.12122447880737519,-0.5739750011206465
4474,-0.8360271320878663,-1.2067838916282398,-0.12122447880737519,-0.5758060680969348
4475,-0.8045890770545177,-1.3484763536299704,-0.12122447880737519,-0.5758060680969348
4476,-0.7773835672734155,-1.420585806137702,-0.12122447880737519,-0.5785547167347195
4477,-0.773852040726157,-1.3256767459450038,-0.09939201973206702,-0.5801570027476406
4478,-0.7560585388878515,-1.189013057577195,-0.033894642506142256,-0.5849638607864037
4479,-0.8096914933206335,-1.2898782138726754,-0.09939201973206702,-0.587022275004714
4480,-0.8115230355255927,-1.3573055084038521,-0.12122447880737519,-0.5877084130774841
4481,-0.8124728693569488,-1.3745760102886009,-0.1037585115471287,-0.5950359580600032
4482,-0.8427413309257479,-1.4155840676117093,-0.05136060976638899,-0.5950359580600032
4483,-0.8688664243779481,-1.4625265137943904,-0.1037585115471287,-0.5950359580600032
4484,-0.8575990893612423,-1.4945194951757148,-0.05136060976638899,-0.5963176230164713
4485,-0.8338714165298776,-1.5165461666894584,-0.1037585115471287,-0.6019935210082993
4486,-0.8348549441178782,-1.4941071732459021,-0.033894642506142256,-0.6041904736721093
4487,-0.878405502020012,-1.442024403164146,-0.033894642506142256,-0.6041904736721093
4488,-0.8828970326773231,-1.393885349006286,0.0010372920143509733,-0.6133474470922368
4489,-0.9489051240142432,-1.3467322238293924,0.05343519379509069,-0.6147209521417906
4490,-0.9706435639558096,-1.4514068034124232,0.10583309557583115,-0.6160944571913415
4491,-0.9820369265321132,-1.5401591657837272,0.0752676528703991,-0.6229621872564364
4492,-0.9592960292716929,-1.5652226593081524,0.1931629318770636,-0.6252514306114689
4493,-1.0403279850353075,-1.5341165234112144,0.05343519379509069,-0.6325748792472866
4494,-1.0625807796879128,-1.4187559433822594,0.16987497553006803,-0.6341011780288648
4495,-1.10109663300772,-1.4292448345792717,0.22809486639755708,-0.6371537755920182
4496,-1.1170042980774733,-1.4441623687261418,0.22809486639755708,-0.640587947850569
4497,-1.1112528856228552,-1.4767944746724297,0.22809486639755708,-0.6440208912051092
4498,-1.1020785682793575,-1.5776187260145507,0.22809486639755708,-0.6463091104734657
4499,-1.1124354013910074,-1.6761878944545543,0.40275453900002295,-0.6481426352577755
4500,-1.092515739440986,-1.7732536742931237,0.31542470269878975,-0.6481426352577755
4501,-1.0796411482543262,-1.8655291252785022,0.22809486639755708,-0.6536350169173049
4502,-1.0420877480157227,-1.9566069940505728,0.3809220799247153,-0.6547795361861539
4503,-1.0702622759013634,-1.9237605557171242,0.28049276817829627,-0.6582130939926979
4504,-1.0717350658057252,-1.8895793624425818,0.26302680091805003,-0.6618758833607489
4505,-1.0693713811750152,-1.8500591494037062,0.31542470269878975,-0.6673700674128255
4506,-1.0516617984040244,-1.8081011733762629,0.31542470269878975,-0.6681024942033401
4507,-1.1302106617900483,-1.7563921453946456,0.35035663721928323,-0.6692011343891138
4508,-1.1285254774290712,-1.7812161224764036,0.36782260447952997,-0.6732299732985565
4509,-1.1204135672593578,-2.1121721198117323,0.40275453900002295,-0.6792732316627161
4510,-1.1015310637104174,-2.297956504670638,0.43768647352051643,-0.6831192096553287
4511,-1.1730036674784101,-2.265983470814902,0.4464194571506403,-0.685683194983739
4512,-1.1728190957539184,-2.2406268777510294,0.49008437530125665,-0.6930078725235673
4513,-1.2179267130514702,-2.2251949458749465,0.43768647352051643,-0.7003325500633929
4514,-1.2295538413669986,-2.1621362142463436,0.5075503425615029,-0.7074739570517248
4515,-1.3505972795361996,-2.0673262827827044,0.5250163098217496,-0.7122348950439451
4516,-1.3655038262025774,-1.8285139220146358,0.5555817525271811,-0.7225367973675908
4517,-1.4814440274064062,-1.4936999417102899,0.7171419496844622,-0.7259707648088071
4518,-1.5141031080081417,-1.1592181766060397,0.6647440479037225,-0.7305488418842001
4519,-1.6314291509382344,-0.8248194653018203,0.7520738842049552,-0.7305488418842001
4520,-1.66184867139398,-1.50053915422707,0.5774142116024888,-0.7305488418842001
4521,-1.6107488993881762,-1.927146471603413,0.8044717859856949,-0.7305488418842001
4522,-1.549318601163329,-1.980085231656409,0.7870058187254487,-0.7305488418842001
4523,-1.483323046321462,-1.9985526302060102,0.8830686386568053,-0.7342109758367767
4524,-1.4079066287739483,-1.9653129865005192,0.9267335568074216,-0.7378731097893563
4525,-1.420976292982967,-1.9320733427950143,0.9267335568074216,-0.7393386187858602
4526,-1.3852474532984076,-1.8988336990895234,0.9267335568074216,-0.7397049960349861
4527,-1.3335558418420839,-1.5885956061287931,0.8685136659399328,-0.7424520061340908
4528,-1.3020173852695514,-1.278357513168049,0.9267335568074216,-0.7438253063663071
4529,-1.263009075869097,-0.9681194202073184,0.9267335568074216,-0.7442830731103791
4530,-1.2317133990302724,-1.2058435082795385,0.8568696877664351,-0.7464806811896635
4531,-1.1904403192349116,-1.4435675963517587,0.8394037205061889,-0.7470300832094838
4532,-1.1668201722743239,-1.5339287912042472,0.7520738842049552,-0.7397049960349861
4533,-1.1289485541741713,-1.65581024274458,0.7302414251296471,-0.7392470244735794
4534,-0.9773494895972852,-1.8249720793166857,0.6647440479037225,-0.7378731097893563
4535,-0.8911667533836445,-1.8519213151117875,0.5774142116024888,-0.7378731097893563
4536,-0.7914308709242331,-1.7842998296967814,0.5774142116024898,-0.7378731097893563
4537,-0.7526892488318191,-1.7176290615134313,0.5337492934518725,-0.7424520061340908
4538,-0.7270065271181081,-1.597947196096402,0.40275453900002295,-0.7424520061340908
4539,-0.7381703267572272,-1.4839028082928478,0.3328906699590365,-0.7424520061340908
4540,-0.7224786157416334,-1.4454194281768855,0.3852885717397767,-0.7439168597151232
4541,-0.7092308603644981,-1.4623940174096064,0.26302680091805003,-0.7442830731103791
4542,-0.6966738364154976,-1.7012004840370194,0.22809486639755708,-0.7442830731103791
4543,-0.6681835556196941,-1.9090680705767762,0.14076503009632338,-0.744969825635156
4544,-0.636303678453828,-2.070527336985056,0.1756969646168166,-0.7470300832094838
4545,-0.6438742581328788,-2.197986751236119,0.14076503009632388,-0.7484035882590347
4546,-0.6353108606415502,-2.302779597382375,0.18442994824694023,-0.7532100366631257
4547,-0.6586600270325094,-2.302556886419326,0.05343519379509069,-0.7543543511146401
4548,-0.6936550888138758,-2.2791772367379806,0.22809486639755708,-0.7607643144356658
4549,-0.7249823620033847,-2.1631698321834483,0.1298488005586698,-0.7607643144356658
4550,-0.7583323409696475,-2.0298925955328895,0.14076503009632388,-0.7726682979548951
4551,-0.8254985993317332,-1.8707106107382767,0.03160273471978252,-0.7726682979548951
4552,-0.9050845435005502,-1.7381800545415123,0.07090116105533742,-0.7818236328363426
4553,-0.974030773563498,-1.623417117409984,0.10583309557583065,-0.7838382161449295
4554,-1.018801511508324,-1.5647371964512151,-0.016428675245895762,-0.7918965493792834
4555,-1.083299049360591,-1.543445952940943,0.05343519379509069,-0.7922625989206723
4556,-1.127123810988859,-1.5343989828785978,0.05343519379509069,-0.7937267970862333
4557,-1.1270035996644014,-1.5335148617815235,0.0752676528703991,-0.7948717259897515
4558,-1.0985896045196624,-1.6779400617196467,0.10583309557583065,-0.7983065127003092
4559,-1.0485043891541685,-1.8200638676505463,0.14076503009632388,-0.800595141603335
4560,-1.058318431295739,-1.807672776517422,0.16259748917163205,-0.8028837705063607
4561,-1.0384050455833624,-1.8701747797703545,0.21062889913731084,-0.8072789866649265
4562,-1.0555274220307962,-2.04501642460242,0.14076503009632338,-0.8083777907045702
4563,-1.0472319057994193,-2.0223976598691262,0.14076503009632338,-0.8175347641246976
4564,-1.063311219148613,-1.8681386220922653,0.14076503009632338,-0.8191368453202812
4565,-1.0946553332238556,-1.9116444243630364,0.14076503009632338,-0.8239430889070375
4566,-1.1737891759734207,-1.9551502266338214,0.09710011194570728,-0.8289795471785094
4567,-1.2092264591078392,-1.9986560289045925,0.18442994824694023,-0.8340160054499814
4568,-1.2809566762635034,-2.0412821168674165,0.297958735438543,-0.8376778116948238
4569,-1.2968705222602086,-2.082588633368333,0.40275453900002295,-0.8385932632560329
4570,-1.3125750933706302,-2.1488229580174187,0.31542470269878975,-0.8450024073077173
4571,-1.2874376230126028,-2.2316758214319354,0.4173095117168954,-0.8459182138856409
4572,-1.3214947017343297,-2.248246394114839,0.49008437530125665,-0.8504972467752652
4573,-1.3067341619174675,-2.2601579165316816,0.5337492934518725,-0.855990447704133
4574,-1.3075106541351016,-2.319715528615908,0.5774142116024898,-0.861483648633001
4575,-1.3631812230486358,-2.344560336126554,0.7520738842049552,-0.8669793073698904
4576,-1.3816195402462303,-2.3462632739214713,0.7520738842049552,-0.8692677314555814
4577,-1.4036210719427609,-2.347966211716388,0.795738802355572,-0.8761330037126549
4578,-1.4088326377857658,-2.324661248449799,0.9049010977321139,-0.8809417051074356
4579,-1.4422179302197242,-2.2638444335909704,0.9267335568074216,-0.8825446055723607
4580,-1.4500522808137672,-2.1898823455116427,1.0140633931086553,-0.8926142450379415
4581,-1.4464829495941824,-2.107156741952019,1.1188591966701347,-0.894811853117223
4582,-1.4998857047339573,-2.0244311383923823,1.1887230657111207,-0.9036022854343574
4583,-1.5028640211973405,-1.941705534832745,1.1887230657111207,-0.9050674667231241
4584,-1.571970465680952,-1.7767901586813932,1.1887230657111207,-0.9109281918781965
4585,-1.6525114024437029,-1.6544154077562159,1.2178330111448656,-0.9133696145132467
4586,-1.6505174285603508,-1.7022031577357368,1.2760529020123539,-0.9182524597833528
4587,-1.6028785350496721,-1.8393092415464303,1.3808487055738332,-0.9182524597833528
4588,-1.6158428221589176,-2.0359608812445855,1.4507125746148208,-0.9182524597833528
4589,-1.5599052106624562,-2.1781034412593607,1.625372247217286,-0.925578366227192
4590,-1.5517353436015182,-2.316791900897203,1.6603041817377802,-0.925578366227192
4591,-1.5248110717039536,-2.4502992099696104,1.7127020835185194,-0.925578366227192
4592,-1.4751432486853644,-2.3612852951070815,1.7825659525595057,-0.9307063368840096
4593,-1.4757904927551468,-2.223006076371004,1.834963854340246,-0.9334535108369815
4594,-1.428280915879047,-2.1101868660756034,1.9746915924222184,-0.9393142359920511
4595,-1.4215487735191537,-1.9788011127417948,1.9746915924222184,-0.9402295236993959
4596,-1.4137992908189307,-1.8195655448503887,1.9746915924222184,-0.9438906745287641
4597,-1.4120174588473944,-1.6546460711681064,2.009623526942711,-0.9468210371063003
4598,-1.3786356421147412,-1.485937326958573,2.062021428723452,-0.9512165809726032
4599,-1.4193940784133712,-1.3172285827490393,2.062021428723452,-0.9585408488777595
4600,-1.4107219639529687,-1.1529379027676758,2.062021428723452,-0.9603719158540478
4601,-1.4529843927079744,-1.0063194796989927,2.062021428723452,-0.9649516314681238
4602,-1.44653531625646,-1.1974704796170905,2.062021428723452,-0.9626617736610843
4603,-1.4218584191255939,-1.6138010948597097,2.062021428723452,-0.9603719158540478
4604,-1.3228119754073784,-2.0456178948639003,2.062021428723452,-0.9567101096092083
4605,-1.249203025268738,-2.4774346948681054,2.062021428723452,-0.9521321963876824
4606,-1.152224822438713,-2.5788031973790693,2.062021428723452,-0.9512165809726032
4607,-1.0261419392643534,-2.680171699890034,2.120241319590941,-0.9493852409065354
4608,-0.9299310754011355,-2.837799774877686,2.149351265024685,-0.9484695708734986
4609,-0.8499164043323869,-2.95904492714362,2.2148486422506104,-0.9505298284478263
4610,-0.8019944860053646,-2.934758388522682,2.236681101325918,-0.9512165809726032
4611,-0.7747750842627718,-2.849608937663924,2.3240109376271514,-0.9512165809726032
4612,-0.7384184644357397,-2.67316511844843,2.3240109376271514,-0.9503009109395693
4613,-0.6572516925535125,-2.49672129923295,2.271613035846411,-0.9484695708734986
4614,-0.6204789953246983,-2.355572092611759,2.236681101325918,-0.9470962706412823
4615,-0.5889521107258378,-2.3556013363677515,2.236681101325918,-0.9466385038972102
4616,-0.5408658602137973,-2.358539161396494,2.236681101325918,-0.9530476479488915
4617,-0.569061028286254,-2.3658398583344025,2.236681101325918,-0.9530476479488915
4618,-0.5829742811576135,-2.1742133084322726,2.236681101325918,-0.9512165809726032
4619,-0.5695614128467925,-1.8499685939701223,2.236681101325918,-0.9515827943678621
4620,-0.5272678979672052,-1.7542075625384344,2.2075711558921745,-0.9530476479488915
4621,-0.5177601641310262,-1.7245546830583196,2.149351265024685,-0.951949007763118
4622,-0.4976351301819772,-1.730850728354061,2.149351265024685,-0.9512165809726032
4623,-0.4637675918966568,-1.737146773649803,2.149351265024685,-0.9512165809726032
4624,-0.4316750343420973,-1.7434428189455446,2.149351265024685,-0.9512165809726032
4625,-0.40973637003498864,-1.7473175167807498,2.1318852977644385,-0.9484695708734986
4626,-0.3855921831989687,-1.7495779829756108,2.062021428723452,-0.9469432720919204
4627,-0.3362927588362271,-1.9187565642654671,2.062021428723452,-0.9438906745287641
4628,-0.28168336176716946,-1.9683792004157574,2.062021428723452,-0.9393142359920511
4629,-0.22531792910771556,-1.8386679188567052,2.062021428723452,-0.9393142359920511
4630,-0.17061766727596245,-1.779531603871008,2.062021428723452,-0.9365664066236078
4631,-0.11390340467266402,-1.7674452666008815,2.062021428723452,-0.9365664066236078
4632,-0.07110010392279263,-1.7905261855439976,2.0270894942029583,-0.9365664066236078
4633,-0.0467077959820479,-1.7803303269075585,1.9746915924222184,-0.9342773680859099
4634,-0.04248915581791494,-1.6370273579528865,1.9746915924222184,-0.9319883295482148
4635,0.01937594964393816,-1.4232137221409864,1.8873617561209857,-0.9319883295482148
4636,0.033920909087335915,-1.1623929750909625,1.7781994607444442,-0.9331328488170638
4637,-0.0006459154741843143,-1.135628218243391,1.7127020835185194,-0.9365664066236078
4638,-0.042825785194095294,-1.129850888747297,1.7127020835185194,-0.9356500538661222
4639,-0.05569362187747908,-1.2080232686570302,1.6603041817377802,-0.9347337011086365
4640,-0.0453719880889841,-1.2885704514165923,1.625372247217286,-0.9319873464250062
4641,-0.03673378825491473,-1.3786168455754304,1.625372247217286,-0.930156443302585
4642,0.02182810271536462,-1.4203654456521384,1.625372247217286,-0.9267228854960381
4643,0.05125340708819355,-1.3896673546056928,1.625372247217286,-0.925578366227192
4644,0.10307709376731289,-1.414415712542113,1.5380424109160529,-0.925578366227192
4645,0.11484319106525322,-1.4351131883610508,1.5380424109160529,-0.9233807581479077
4646,0.11025787126207766,-1.3841606867272602,1.4798225200485646,-0.9200843460289826
4647,0.1693351025815173,-1.4225295329738292,1.4507125746148208,-0.9136760212466398
4648,0.22969068999239442,-1.5561518064940894,1.4507125746148208,-0.9123021065624167
4649,0.2779204116329484,-1.7433328730445055,1.363382738313587,-0.9109281918781965
4650,0.3067650341842445,-1.8077531511626057,1.363382738313587,-0.9109281918781965
4651,0.3029370885293555,-1.832268422627976,1.363382738313587,-0.9100125764631174
4652,0.28750817078074914,-1.6971636674824535,1.3342727928798426,-0.9063501148028036
4653,0.29687298280902435,-1.532843733494207,1.2760529020123539,-0.9079983208622646
4654,0.31809252736966726,-1.3490470136107973,1.2760529020123539,-0.9090971249019053
4655,0.2817614519497011,-1.2278973062360263,1.2760529020123539,-0.9090971249019053
4656,0.2406836106862857,-1.1533327432121556,1.2323879838617375,-0.9077236198523544
4657,0.22879826515846124,-1.1486458967146425,1.123225688485196,-0.9084103723771313
4658,0.22661595106856194,-1.154792212811029,1.101393229409888,-0.9090971249019053
4659,0.19224630064505918,-1.1636468195558975,1.101393229409888,-0.9090971249019053
4660,0.17085971467869157,-1.2368949128704627,1.101393229409888,-0.9036022854343574
4661,0.205562318025356,-1.2769197118172761,1.0817440162421104,-0.9032360720390986
4662,0.22782489586398022,-1.1840513332931248,1.0058762209554142,-0.9017712184580691
4663,0.24701498927615817,-1.1315175604002385,1.0140633931086553,-0.9017712184580691
4664,0.240036483043936,-1.1058735245948343,1.0140633931086553,-0.9017712184580691
4665,0.22429464659414727,-1.1143580730774878,0.9441995240676684,-0.9017712184580691
4666,0.20641832290293866,-1.1085801407715452,0.8939848681944591,-0.8944477698222514
4667,0.2804688711654335,-1.081408487282716,0.8230293761997078,-0.8944477698222514
4668,0.2951689303552465,-1.0758535946171566,0.8394037205061889,-0.8944477698222514
4669,0.2826646811352613,-1.1169933567565782,0.7520738842049552,-0.8926142450379415
4670,0.2619097048607525,-1.3232949772925966,0.7375189114880832,-0.8938365948941481
4671,0.26137473792830973,-1.4649351957749641,0.7520738842049552,-0.8938365948941481
4672,0.22156400381171323,-1.3453647066519825,0.7520738842049552,-0.8926142450379415
4673,0.20105221933270925,-1.2039241617524483,0.7520738842049552,-0.8926142450379415
4674,0.2022854187018673,-1.1276325485401042,0.7520738842049552,-0.8926142450379415
4675,0.19471300414930254,-1.0360138923636582,0.7520738842049552,-0.8944477698222514
4676,0.1790990923414004,-0.9214046717410453,0.7302414251296471,-0.8951345223470283
4677,0.15072161945505735,-0.8262541527184287,0.6647440479037225,-0.8971947799213561
4678,0.116374437813934,-0.7250423807655813,0.6501890751868501,-0.8984154912388825
4679,0.057215176519351735,-0.5801268954918151,0.6283566161115419,-0.8984154912388825
4680,0.020128732185340212,-0.5451467016968312,0.5637689246804216,-0.8971947799213561
4681,0.018469496588467943,-0.6515236928122146,0.5628592388856178,-0.8926142450379415
4682,0.017649933069337414,-0.8521388072011898,0.49008437530125665,-0.8926142450379415
4683,0.07731539344743005,-0.9653585511451055,0.4726184080410099,-0.8852907964021238
4684,0.14726902785368337,-1.080459061786424,0.486445632122038,-0.8871221364681946
4685,0.19744187997422571,-1.2904780096623851,0.4813513916711328,-0.8880378065012285
4686,0.17439206306665278,-1.314518066038078,0.49008437530125665,-0.8880378065012285
4687,0.15116926581283344,-1.2145721947469441,0.49008437530125665,-0.8880378065012285
4688,0.13540327923156095,-1.1134472274108973,0.49008437530125665,-0.8880378065012285
4689,0.12277144380825684,-1.011536196044913,0.49008437530125665,-0.8880378065012285
4690,0.11166174297484185,-0.9491982454752014,0.49008437530125665,-0.8880378065012285
4691,0.10230381157956187,-0.9132423487696714,0.49008437530125665,-0.8880378065012285
4692,0.09109519351405085,-0.82944856941006,0.4726184080410099,-0.8898688734775169
4693,0.07893884044995,-0.67389796606932,0.3954770526415867,-0.8898688734775169
4694,0.043639037139711644,-0.51834736272858,0.39729642423119627,-0.8898688734775169
4695,0.028746996960501703,-0.36641367671461433,0.40275453900002295,-0.8898688734775169
4696,0.020136154148824945,-0.2289476600076769,0.40275453900002295,-0.8898688734775169
4697,0.012052937634092322,-0.1707437250873609,0.31542470269878975,-0.8926142450379415
4698,0.006619896337142093,-0.16538117802477867,0.3066917190686669,-0.8911495553107763
4699,-0.019020312812605345,-0.28183783311567867,0.31269564531437644,-0.8852907964021238
4700,0.022157430978593563,-0.4287492887449491,0.23901109593521092,-0.8841923200702174
4701,0.08750173673259502,-0.5647582586488241,0.1735137187092864,-0.8825446055723607
4702,0.11409715831866447,-0.7613422496872686,0.2062624073222484,-0.8811713053401444
4703,0.11611686437685327,-1.0487887724275602,0.2935922436234816,-0.8807135385960723
4704,0.12847026873090822,-1.1397233064157226,0.22809486639755708,-0.8779648899582847
4705,0.13406821013904555,-1.099649847902452,0.22809486639755708,-0.8779648899582847
4706,0.15496473163828267,-1.0595763893891947,0.297958735438543,-0.8807135385960723
4707,0.13519261663300966,-1.0195029308759378,0.22809486639755708,-0.8818578530475838
4708,0.10116777546893177,-0.8188034231095148,0.19898492096381218,-0.8852907964021238
4709,0.04998920035418822,-0.618103915343092,0.13803597271190982,-0.8859775489269007
4710,0.004209015677765431,-0.44263266912372556,0.1254823087436081,-0.8880378065012285
4711,-0.036042274023510686,-0.2744637273351786,0.09273362013064511,-0.8869390024615879
4712,-0.06617238966788043,-0.13550400326982667,0.08400063650052199,-0.8852907964021238
4713,-0.05317298607588232,-0.021361357462556005,0.09164199717688036,-0.8866643014516776
4714,-0.03958943129606811,-0.006487024687472191,0.1189325710210157,-0.8880378065012285
4715,-0.06431335004274191,-0.046905424386325396,0.05343519379509069,-0.8836432457581342
4716,-0.06757481682439447,-0.12418564573446995,0.05070613641067735,-0.8820868388282885
4717,0.002033121704705874,-0.3233389462640926,0.04797707902626377,-0.8807135385960723
4718,0.03254257821461965,-0.5149468312714252,0.05343519379509069,-0.8807135385960723
4719,0.03552237441930965,-0.6952365929953365,-0.03662369989055583,-0.8818578530475838
4720,0.029524157494429017,-0.6207533703349,-0.050268986812623505,-0.8839177009872422
4721,-0.011539545141139886,-0.5042252812464397,-0.09502552791700558,-0.8825446055723607
4722,-0.026775160934099804,-0.3596672812059545,-0.15397316742033845,-0.8852907964021238
4723,-0.025164029556944117,-0.16205114576555524,-0.2085543151086084,-0.8852907964021238
4724,-0.06455772018089273,-0.03829385525905509,-0.21947054464626273,-0.8825446055723607
4725,-0.0558464614192817,-0.025324832153375963,-0.2958841514098418,-0.8825446055723607
4726,-0.0371584247851821,-0.2052721806368859,-0.30316163776827754,-0.8825446055723607
4727,-0.035983637743971626,-0.27966924864122555,-0.36138152863576634,-0.8825446055723607
4728,-0.0385433838887744,-0.2893772427497847,-0.3853972336186055,-0.8807135385960723
4729,-0.04194394155920992,-0.32179635588632866,-0.39231084565912006,-0.8814764148970818
4730,-0.02664002361274579,-0.3309084294112707,-0.3832139877110748,-0.8852907964021238
4731,-0.018918425796349867,-0.24679234448988768,-0.4705438240123077,-0.8852907964021238
4732,-0.06471421798107176,-0.16815861411677374,-0.4923762830876161,-0.8898688734775169
4733,-0.09413665930059585,-0.1114543019367083,-0.4705438240123077,-0.8898688734775169
4734,-0.15060311816665414,0.018529583627256877,-0.4705438240123077,-0.8944477698222514
4735,-0.1851094103936474,0.25843282926713385,-0.5032925126252704,-0.8944477698222514
4736,-0.2520610232260677,0.3645404217950022,-0.5687898898511953,-0.8944477698222514
4737,-0.26609658268763475,0.4371991010448511,-0.5606027176979544,-0.8944477698222514
4738,-0.2649622336333356,0.4362212095283983,-0.5578736603135411,-0.8944477698222514
4739,-0.2593283238531922,0.4355112334958999,-0.5578736603135411,-0.8944477698222514
4740,-0.25148588240864794,0.4358729193992466,-0.5687898898511953,-0.8944477698222514
4741,-0.24222017209858657,0.34483485521335416,-0.5578736603135411,-0.8944477698222514
4742,-0.23205638822656682,0.11669716589361688,-0.5578736603135411,-0.8935310074300965
4743,-0.22633400843621904,0.06907518861978945,-0.5578736603135411,-0.8926142450379415
4744,-0.21247766332506232,0.04760913025623315,-0.5578736603135411,-0.8926142450379415
4745,-0.18149083550645506,0.13076674753376125,-0.5578736603135411,-0.8930726262340175
4746,-0.17095634098089088,0.11944597875903783,-0.5578736603135411,-0.8944477698222514
4747,-0.1659846266075148,0.045139619282836434,-0.6124548080018118,-0.8935310074300965
4748,-0.18405921953947735,-0.043385014927098196,-0.6506616113836008,-0.8926142450379415
4749,-0.1635128817954274,-0.11306983230499013,-0.6452034966147738,-0.8926142450379415
4750,-0.15552160499961612,-0.09317710762099204,-0.6561197261524282,-0.8926142450379415
4751,-0.15009824926656284,-0.049810967809877045,-0.6697650130744959,-0.8944477698222514
4752,-0.15786292129514262,0.028765294691940266,-0.7379914476848342,-0.8944477698222514
4753,-0.1715836601220943,0.08911526681997367,-0.7390830706385995,-0.8944477698222514
4754,-0.1723319687681708,0.14490866635456112,-0.7892977265118084,-0.8933476549516649
4755,-0.17067172521791996,0.03619794000568688,-0.8264129069398328,-0.8926142450379415
4756,-0.1532200130022506,-0.07251278634318735,-0.8962767759808191,-0.893714359908528
4757,-0.1384190843947756,-0.13705362642905605,-0.9202924809636582,-0.8944477698222514
4758,-0.14748349184458903,-0.18177407901159584,-0.9153801776717139,-0.8944477698222514
4759,-0.15559536605877147,-0.1472129815808061,-0.9879731040971138,-0.8944477698222514
4760,-0.15626203296382893,-0.07197695537527865,-1.0163553008950146,-0.8990258468976444
4761,-0.15423747633332582,0.06427146399240374,-1.022905038617607,-0.8990258468976444
4762,-0.20906579978041764,0.10814530364562065,-1.0927689076585938,-0.8990258468976444
4763,-0.22685082467430795,0.09043609015589742,-1.1418919405780374,-0.9003985326778567
4764,-0.22745705803693955,0.03217117028177434,-1.1844652357748882,-0.9017712184580691
4765,-0.24848087324410703,-0.02955957127171976,-1.1800987439598265,-0.9017712184580691
4766,-0.2610247571587884,-0.06459789315831184,-1.1691825144221721,-0.9017712184580691
4767,-0.25866762556623846,0.009529632732341314,-1.1691825144221721,-0.9017712184580691
4768,-0.25191494318136337,0.15643439047451432,-1.223763662110443,-0.9054341716799872
4769,-0.24293071331199367,0.3557836042017762,-1.270157637645473,-0.9090971249019053
4770,-0.2901863705178055,0.48148017223369405,-1.2586955966309363,-0.9105619784829377
4771,-0.35219197435625516,0.4966977717226031,-1.2565123507234057,-0.9109281918781965
4772,-0.377356513236347,0.4813910903352742,-1.2565123507234057,-0.9155062689535896
4773,-0.4313737612378163,0.44573488836380504,-1.2565123507234057,-0.9147741698708091
4774,-0.43925778182933095,0.2774544937339124,-1.2215804162029125,-0.9107456586691065
4775,-0.4089275109910113,0.10917409910403358,-1.1691825144221721,-0.9063501148028036
4776,-0.3157739718749287,-0.13315545613743995,-1.1691825144221721,-0.9040606666304363
4777,-0.23601190182164897,-0.2947115557758627,-1.116784612641433,-0.9017712184580691
4778,-0.16446936169274315,-0.3351074720096748,-0.9945228418197063,-0.9109281918781965
4779,-0.2069422318912497,-0.044412579167123455,-0.9945228418197063,-0.9109281918781965
4780,-0.26805371413715023,0.3290550159445395,-0.9945228418197063,-0.9200843460289826
4781,-0.3537751888320394,0.7302299573709835,-0.9945228418197063,-0.9207715081884288
4782,-0.4280545949038107,1.0512702429509349,-0.9945228418197063,-0.9228329946667673
4783,-0.4737818758108129,1.051771905144957,-0.9945228418197063,-0.925578366227192
4784,-0.4714827322138743,0.7018660152869831,-0.9945228418197063,-0.925578366227192
4785,-0.46899829207460464,0.26435823741600356,-1.0818526781209397,-0.9228329946667673
4786,-0.4809843207932719,0.1113676341132921,-1.0818526781209397,-0.9228329946667673
4787,-0.44982596497503347,0.02950632445264419,-1.0818526781209397,-0.9228329946667673
4788,-0.4099294931832088,-0.05235498520800372,-1.0818526781209397,-0.9216878609459144
4789,-0.3835593602207305,-0.10540553578172114,-1.1255175962715558,-0.9182524597833528
4790,-0.3499616990126781,-0.11523994772505639,-1.2565123507234057,-0.9155062689535896
4791,-0.28107856405751547,0.25811032600332334,-1.4857531710141425,-0.9155062689535896
4792,-0.22731419430007044,0.5116202814427472,-2.013370932000759,-0.9155062689535896
4793,-0.19295904551259285,0.5853697594487237,-2.3918002226394357,-0.9228329946667673
4794,-0.20374824644970288,0.5426305418700627,-2.3918002226394357,-0.924663856825721
4795,-0.2781056203777249,0.5172334935681112,-2.3918002226394357,-0.930156443302585
4796,-0.34182587841501955,0.5178496991812173,-2.4354651407900523,-0.9452641795783179
4797,-0.4055025480760406,0.5523207100305245,-2.413632681714744,-0.9603719158540478
4798,-0.7004449851730703,0.6093615910373037,-2.3918002226394357,-0.990589846213535
4799,-0.911615451315704,0.7124722139827211,-2.3918002226394357,-0.990589846213535
4800,-1.3349595643108605,0.7805354728939561,-2.413632681714744,-0.962202982830339
4801,-1.256308896263868,0.7960276857539168,-2.4354651407900523,-0.9649499929294437
4802,-0.957563705497739,0.6999952559369856,-2.3918002226394357,-0.9676970030285456
4803,-0.8625044287975604,0.576081665450814,-2.3918002226394357,-0.966049780092293
4804,-0.8385047820536914,0.34868250429943065,-2.3918002226394357,-0.9649516314681238
4805,-0.7872420401779782,0.13297035238932872,-2.3918002226394357,-0.9530476479488915
4806,-0.734358631290067,0.06749180810959211,-1.6931615322295712,-0.9530476479488915
4807,-0.5809045267127957,-0.00324270213446076,-2.3918002226394357,-0.9603719158540478
4808,-0.48298042975028316,-0.08186116132500185,-2.3918002226394357,-0.9627527125578965
4809,-0.5079587369588809,0.015877890124770075,-2.3918002226394357,-0.97227589937328
4810,-0.5243634958020252,0.3781532075349908,-2.3918002226394357,-0.9695285615664382
4811,-0.6610287902392554,0.5647697378870605,-2.3918002226394357,-0.9676970030285456
4812,-0.638381856765849,0.6342804102003904,-2.3918002226394357,-0.9676970030285456
4813,-0.6136824446240638,0.7026042169197737,-2.3918002226394357,-0.9676970030285456
4814,-0.5848967857188533,0.7566400908796017,-2.3918002226394357,-0.9711311752870964
4815,-0.574969051903705,0.6509742240059233,-2.3918002226394357,-0.97227589937328
4816,-0.6000590994849336,0.5753416828841175,-2.3918002226394357,-0.9814328727934075
4817,-0.6380788132797208,0.6198424447698018,-2.3918002226394357,-0.9823483243546195
4818,-0.7040342212032588,0.690497116199646,-2.3918002226394357,-0.986010130599462
4819,-0.7367795771010168,0.8003826519456887,-2.3918002226394357,-0.986010130599462
4820,-0.756819933206909,0.9090135394803405,-2.3918002226394357,-0.986010130599462
4821,-0.7424974618792994,1.0168079948740836,-2.3918002226394357,-0.9896729199675129
4822,-0.7141864442306979,1.0008263004249216,-2.3918002226394357,-0.9951671040195894
4823,-0.7653601604976467,0.9023271727471605,-2.3918002226394357,-0.9940679722722116
4824,-0.8023581761988509,0.7311894594808567,-2.326302845413511,-0.9933352177739596
4825,-0.7650676594014232,0.5830388947382764,-2.3044703863382026,-0.9951671040195894
4826,-0.73066811281019,0.5994755096792026,-2.3044703863382026,-0.9951671040195894
4827,-0.7172021501656355,0.6793598695314433,-2.2935541568005484,-0.9997435425562996
4828,-0.7078012213774507,0.8544158467506695,-2.1778421237014145,-0.9990117711812562
4829,-0.7277414010942668,0.9986923535951902,-1.9551510411332702,-0.9979141141186941
4830,-0.6908744618511159,1.1224492135232447,-1.8241562866814207,-1.006840872854106
4831,-0.6765794245934665,0.8560072647253811,-1.7941366554528717,-1.0098164590992433
4832,-0.7766108949028809,0.8112154796452344,-1.840530630987902,-1.0098164590992433
4833,-0.7846248313878181,0.9141904703769038,-1.8296144014502478,-1.0098164590992433
4834,-0.7592702966345969,0.9636902108553778,-1.8132400571437666,-1.0098164590992433
4835,-0.723742563938251,1.0191103960604784,-1.805052884990526,-1.016224783881586
4836,-0.706864438547671,1.083411248355484,-1.8350725162190749,-1.011647935710204
4837,-0.6993119930120147,0.9069889021680686,-1.8241562866814207,-1.0070710875388216
4838,-0.6014121232285519,0.7290766109954802,-1.832889270311544,-1.0056062339577891
4839,-0.529059485016666,0.5452045398821994,-1.8678212048320373,-1.0070710875388216
4840,-0.5040915963511435,0.33966748315853545,-1.8705502622164505,-1.0070710875388216
4841,-0.48395723108578215,0.11968710269460228,-1.8787374343696914,-1.0070710875388216
4842,-0.46407872708937076,0.2177793337311053,-1.8918369098148764,-1.012563305344478
4843,-0.5027062982382614,0.3101026746092426,-1.9114861229826539,-1.016224783881586
4844,-0.5650243522145494,0.3937726802498313,-1.9114861229826539,-1.0208053187650008
4845,-0.6118970813057582,0.7050958309206018,-1.9158526147977155,-1.021354556930954
4846,-0.6261104110465974,1.1681877449448221,-1.9355018279654927,-1.0235515095947638
4847,-0.6383576843761795,1.2556407172189255,-1.9486013034106777,-1.0235515095947638
4848,-0.6386579781202898,1.2491839540555065,-1.9697060138501423,-1.0235515095947638
4849,-0.6104065490591417,0.882916695934291,-1.9769835002085787,-1.018973432519371
4850,-0.5812770431329958,0.5818614061862747,-2.0015450166683,-1.0178289132505218
4851,-0.5097118567269489,0.32428076202037714,-2.0206484183591953,-1.014395355443978
4852,-0.4492156831908585,0.27185137628125416,-2.0315646478968494,-1.0171422016892124
4853,-0.36668404278588485,0.2683801962922024,-2.044664123342034,-1.018973432519371
4854,-0.3288162256989825,0.3383463249282575,-2.0533971069721573,-1.020347347203594
4855,-0.36763450726583524,0.5666964329531357,-2.0643133365098114,-1.0208053187650008
4856,-0.3841354962358763,0.871287632984818,-2.0479389922033304,-1.0281287674008184
4857,-0.40653049272968816,1.0584859226734966,-2.0315646478968494,-1.0281287674008184
4858,-0.48019682903684213,1.1739854360177167,-2.0388421342552854,-1.0299601074668863
4859,-0.48630104372244326,1.1840701575703567,-2.03975182005009,-1.03133374906133
4860,-0.4994800769512301,1.1760235073778393,-2.0370227626656763,-1.03270766374555
4861,-0.506032629995894,1.3287582974191603,-2.0206484183591953,-1.0281287674008184
4862,-0.4821680984293367,1.3587868389659692,-2.0402976315269727,-1.0290445466697646
4863,-0.4145917740877761,1.3371432865942952,-2.0315646478968494,-1.03270766374555
4864,-0.40123384925226985,1.2315176070432017,-2.0271981560817878,-1.0301436784171396
4865,-0.42423630873079143,1.1177266290138421,-2.0279259047176312,-1.026297700424527
4866,-0.33644242801337376,0.9916877032670564,-2.0206484183591953,-1.0208053187650008
4867,-0.2965152835855697,0.9372070896038647,-2.0184651724516645,-1.022270008492163
4868,-0.20691931452082174,0.9265038660196779,-2.0124612462059543,-1.0281287674008184
4869,-0.186864163570112,1.090910202751511,-2.0162819265441336,-1.0251993879464907
4870,-0.25256271203067976,1.2269137473668454,-2.0140986806366024,-1.0208053187650008
4871,-0.2532334381439398,1.3203131038074323,-2.011915434729072,-1.0208053187650008
4872,-0.17628010006499542,1.3699966907303218,-2.0031824510989487,-1.0208053187650008
4873,-0.14708070771617404,1.3541066233766796,-2.0097321888215407,-1.0208053187650008
4874,-0.13153923705701526,1.3217944085182425,-2.015190303590368,-1.0208053187650008
4875,-0.1262825001951271,1.2648489724026264,-2.000999205191418,-1.0169593407723854
4876,-0.12338550649584207,1.221229652459155,-2.000999205191418,-1.014395355443978
4877,-0.08950325315273902,1.1864944099637895,-2.0097321888215407,-1.0171422016892124
4878,-0.031476350003353526,1.1476900670980403,-2.0097321888215407,-1.018973432519371
4879,-0.02565057466248196,1.1078684491397093,-1.9900829756537637,-1.0200725642667487
4880,-0.07118003621802829,1.1443480893511335,-1.9851706723618192,-1.0208053187650008
4881,-0.09527529113801386,1.1999030441050038,-1.9878997297462326,-1.0208053187650008
4882,-0.11789465589655992,1.2889024245525142,-1.9966327133763562,-1.0208053187650008
4883,-0.12545018287827267,1.3862629114234555,-1.9769835002085787,-1.0281287674008184
4884,-0.12556972725617174,1.7121246871995008,-1.9842609865670147,-1.0275184117420537
4885,-0.2156002278132481,1.8798767620634207,-1.983533237931171,-1.026297700424527
4886,-0.22156385922724847,1.9422223696526042,-1.9769835002085787,-1.018973432519371
4887,-0.18182813981931253,1.6474751499744178,-1.9878997297462326,-1.018973432519371
4888,-0.10963616098634421,1.3538880043417743,-1.9988159592838868,-1.014395355443978
4889,-0.05321158022893364,1.0649411548913024,-2.0075489429140103,-1.0129305018629455
4890,-0.004790805708254752,0.8620112507209221,-1.9988159592838868,-1.0070710875388216
4891,0.07735898139565985,0.7881067644706522,-1.9988159592838868,-1.0089016629535057
4892,0.12095045826126778,1.0526438341775566,-2.0031824510989487,-1.0116475260755318
4893,0.08997167520730454,1.5428086078559011,-2.004274074052714,-1.0107319925873877
4894,0.05624802753168963,1.632603634251841,-1.9988159592838868,-1.0098164590992433
4895,0.06019971671388992,1.622306223827183,-2.0070031314371275,-1.0111897593314596
4896,0.05912465490545307,1.6120088134025252,-2.0097321888215407,-1.0116475260755318
4897,-0.010770897735447,1.590494884845884,-1.9988159592838868,-1.0166841891643383
4898,-0.10059517574544037,1.5521561790912601,-2.013370932000759,-1.0098164590992433
4899,-0.012935793254085256,1.6111712623204666,-2.0206484183591953,-1.014395355443978
4900,0.009510266942057184,1.6040478804672804,-1.9988159592838868,-1.014395355443978
4901,-0.034085217224527425,1.4977168009905266,-2.011915434729072,-1.0070710875388216
4902,-0.00418810112414057,1.3913857215137724,-2.013370932000759,-1.005544515667464
4903,0.06384683173165312,1.312987762261031,-1.9988159592838868,-1.0024913719247457
4904,0.13347545325177085,1.346322283904367,-2.015190303590368,-1.0052400205625305
4905,0.12008243581825742,1.3796568055476888,-2.0070031314371275,-0.9976853331553239
4906,0.18631830801069976,1.4261555269850394,-2.0097321888215407,-0.9951671040195894
4907,0.2369918543088486,1.5253110475985054,-2.0097321888215407,-0.9979141141186941
4908,0.20916879687274675,1.6359226343060747,-2.0206484183591953,-0.9933356274086289
4909,0.22666165226030704,1.7093643874860696,-2.0097321888215407,-0.9887571406985667
4910,0.2976600493770339,1.5653904099910343,-2.0206484183591953,-0.9841782443538322
4911,0.30750286307723484,1.421416432495999,-2.0250149101742565,-0.9850940236227784
4912,0.35012699334244346,1.2774424550009773,-2.004274074052714,-0.9887571406985667
4913,0.3379992065194775,1.2149414442578204,-2.015190303590368,-0.9887571406985667
4914,0.26926682283171843,1.2151402684031039,-2.026106533128022,-0.9887571406985667
4915,0.23064379235271215,1.3846654653503412,-1.9878997297462326,-0.9887571406985667
4916,0.20766842393979737,1.5081581527313443,-1.9988159592838868,-0.9896727561136429
4917,0.19073673508141767,1.6009625004015202,-2.004274074052714,-0.9933352177739596
4918,0.17422912972299745,1.6937668480717099,-2.0097321888215407,-0.9896726741867108
4919,0.10429218096590012,1.7613124391088564,-2.011915434729072,-0.986010130599462
4920,0.08856149929148303,1.7278230036139117,-2.0206484183591953,-0.9791436294383778
4921,0.1546112356938466,1.5897261250042583,-2.038114385619442,-0.9768547957180145
4922,0.2158720070155671,1.2947180817225623,-2.0097321888215407,-0.9695288892741754
4923,0.29943743399185035,0.9997100384408804,-2.0315646478968494,-0.9695288892741754
4924,0.38238837581119606,0.7047019951591843,-2.0206484183591953,-0.957626544293626
4925,0.4221597214999455,0.22154990927347368,-2.0097321888215407,-0.9599147635619826
4926,0.5609577952908851,0.037999135804347814,-2.005365697006479,-0.962202982830339
4927,0.585793307677381,0.3038503309600784,-2.0097321888215407,-0.9654993949492641
4928,0.5226099376251735,0.6779432664100022,-2.026106533128022,-0.9676970030285456
4929,0.458532901417138,1.214398812301257,-2.0097321888215407,-0.9676970030285456
4930,0.36613803569959297,1.3648221710731254,-2.0097321888215407,-0.9676970030285456
4931,0.31835371747656394,1.4187374830651711,-2.0206484183591953,-0.9741069663495713
4932,0.27267775281669154,1.67698871968741,-2.0315646478968494,-0.9741069663495713
4933,0.18068734572799341,1.9863239374671906,-2.011915434729072,-0.9695288892741754
4934,0.15212706807466997,1.6768547619454193,-2.0233774757436085,-0.9702156417989521
4935,0.16520122330069545,1.4237576834036036,-2.0315646478968494,-0.97227589937328
4936,0.13971772718778447,1.3961489927815567,-2.0271981560817878,-0.9717264973534596
4937,0.12322370617131334,1.3685403021595237,-2.0097321888215407,-0.9695288892741754
4938,0.12448000953722556,1.4192299117246865,-2.0097321888215407,-0.9683845748226609
4939,0.13904528685178852,1.4687966205177039,-2.0140986806366024,-0.9649516314681238
4940,0.17387673127833145,1.5138717262221386,-2.006093445642323,-0.9649516314681238
4941,0.19880002310055472,1.548221036462854,-1.9988159592838868,-0.9649516314681238
4942,0.19657696454564874,1.5754198163944413,-2.0075489429140103,-0.9627527125578965
4943,0.18843586761653336,1.6060184438174736,-2.0184651724516645,-0.962202982830339
4944,0.1982217862551126,1.6388836362347978,-2.0031824510989487,-0.9570763230044642
4945,0.25426026157615483,1.6587426035678143,-2.0075489429140103,-0.9557946580479962
4946,0.2964598058200559,1.6699307541779773,-2.0184651724516645,-0.9594564642928386
4947,0.272491734310128,1.7616848416315647,-2.029381401989318,-0.9603719158540478
4948,0.22467244505303074,1.9071495536474483,-1.9988159592838868,-0.9530476479488915
4949,0.18677440819862123,2.049119532067037,-2.0015450166683,-0.9519031286800426
4950,0.26247773375979927,2.1724716663148693,-2.0097321888215407,-0.9484695708734986
4951,0.33949563804138827,2.2692075594036494,-1.9966327133763562,-0.9484695708734986
4952,0.34879211002017024,2.3659434524924428,-1.9960869018994731,-0.9484695708734986
4953,0.33688493092434285,2.462679345581236,-2.0075489429140103,-0.9426101565493717
4954,0.3768913144932365,2.4465330808840124,-2.005365697006479,-0.9411453029683423
4955,0.40980480758432136,2.3981314695518643,-1.9906287871306463,-0.9411453029683423
4956,0.40614892911934297,2.333590629465996,-2.0031824510989487,-0.9367497591020394
4957,0.3852084451350975,2.267683420411924,-2.0097321888215407,-0.930156443302585
4958,0.5023635323577582,2.199726657905568,-2.0097321888215407,-0.9241131849384224
4959,0.5266859421988408,2.0973132850071488,-2.0097321888215407,-0.9200843460289826
4960,0.6481625032596477,1.971928838514048,-2.0206484183591953,-0.9136760212466398
4961,0.689148542348316,1.9877978075233351,-2.0075489429140103,-0.9036022854343574
4962,0.7905797023998354,2.0036667765326084,-2.0015450166683,-0.9036022854343574
4963,0.8663087832501197,2.0195357455418956,-2.0206484183591953,-0.9003985326778567
4964,0.8594442175265765,1.9941191298412027,-2.0097321888215407,-0.8898688734775169
4965,0.9319230767730589,1.9085855806414735,-1.9988159592838868,-0.8864349060363036
4966,0.9696402658686614,1.748358725459406,-2.0075489429140103,-0.8761330037126549
4967,1.060568724073912,1.638003189407223,-2.013370932000759,-0.8712507046221136
4968,1.1209841917115484,1.5363545238473157,-1.9988159592838868,-0.8688095550768401
4969,1.1701837995258817,1.3365431559102177,-2.024287161538413,-0.861483648633001
4970,1.2028705844347802,1.2553597408551302,-2.0097321888215407,-0.8523266752128734
4971,1.1903049140367195,1.1780379256280828,-2.0097321888215407,-0.8523266752128734
4972,1.2582951105075098,1.106508510143123,-2.0097321888215407,-0.8569063908269494
4973,1.2414097768890995,1.0746664869590363,-2.0315646478968494,-0.8569063908269494
4974,1.1377100197469014,1.102355552226267,-1.9988159592838868,-0.8477494174068219
4975,1.176446625186692,1.2920442870639794,-1.9988159592838868,-0.8484363747489334
4976,1.1440747650693048,1.589732801615333,-2.0075489429140103,-0.8504972467752652
4977,1.0852832432458384,1.6498323890925497,-2.0097321888215407,-0.8491233320910421
4978,0.997785031135686,1.6505347448012253,-1.9988159592838868,-0.8477494174068219
4979,0.9499072114110385,1.5713014195750086,-1.9988159592838868,-0.8450025711615844
4980,0.9233984869992192,1.492068094348792,-2.0184651724516645,-0.8431713403314289
4981,0.899769987226406,1.573835900053269,-2.0070031314371275,-0.8431713403314289
4982,0.8951734852531689,1.6396155858850185,-1.9988159592838868,-0.8431713403314289
4983,0.8631130856404404,1.6414427922258326,-1.9988159592838868,-0.8385932632560329
4984,0.853287069736408,1.64326999856666,-2.0206484183591953,-0.8385932632560329
4985,0.8397538063284172,1.645097204907474,-2.0024547024631048,-0.8358454338875897
4986,0.8060546015650365,1.6521043942677307,-2.0075489429140103,-0.8358454338875897
4987,0.7941675490055856,1.6604065793828378,-2.000999205191418,-0.8358454338875897
4988,0.7698962610805501,1.6591366167075976,-2.0075489429140103,-0.8340143669113014
4989,0.7398227036001858,1.6554736170847772,-1.9988159592838868,-0.8266900990061422
4990,0.6991163314807984,1.6518106174619713,-1.9988159592838868,-0.8266900990061422
4991,0.7514570595481159,1.648147617839151,-2.0031824510989487,-0.8266900990061422
4992,0.7690259454736889,1.497294455652124,-1.9951772161046686,-0.8266900990061422
4993,0.7437113170791743,1.3792863922211425,-1.9966327133763562,-0.8266900990061422
4994,0.7091923467608234,1.3105459769242023,-1.9988159592838868,-0.8171682230217017
4995,0.6723711780522288,1.2418055616272619,-2.0162819265441336,-0.814787754025593
4996,0.7887463983738696,1.1730651463303077,-2.0015450166683,-0.8129558677799632
4997,0.8003898407980679,1.1672826634010802,-2.0097321888215407,-0.8106668292422652
4998,0.7789430287469801,1.1772396635637672,-2.0162819265441336,-0.8083777907045702
4999,0.7907275121623921,1.1871966637264544,-2.0075489429140103,-0.8067295846451061
5000,0.7760126187478945,1.2693720555605712,-2.0070031314371275,-0.8056307806054654
5001,0.7772628439169444,1.4598750349018468,-2.0097321888215407,-0.8129558677799632
5002,0.7513885248821796,1.5270272577854913,-2.0097321888215407,-0.8129558677799632
5003,0.6109720926524045,1.563341791554714,-2.000999205191418,-0.8083777907045702
5004,0.5593270476034558,1.5996563253239509,-2.011915434729072,-0.8078283886847498
5005,0.5667619425239276,1.6359708590931876,-2.0206484183591953,-0.8056307806054654
5006,0.5568669547803651,1.499524852056095,-2.0097321888215407,-0.8042572755559116
5007,0.5572626077285157,1.3992193042277394,-2.005365697006479,-0.8028837705063607
5008,0.5534393682530943,1.3531244452124824,-2.0179193609747816,-0.7946433546610535
5009,0.5683177640217905,1.147395206971128,-2.0070031314371275,-0.792354111306021
5010,0.661721800469428,0.8728928294701452,-1.9988159592838868,-0.7937267970862333
5011,0.6465432416521233,0.7489895728669286,-2.0075489429140103,-0.7922625989206723
5012,0.6163404417311373,0.7048225571269667,-2.0075489429140103,-0.7918965493792834
5013,0.589515800897099,0.7028239076166289,-1.9988159592838868,-0.7918965493792834
5014,0.5534412345163567,0.7897624821615328,-2.0031824510989487,-0.7944605347076937
5015,0.5272962274073537,0.8050457209439996,-2.0097321888215407,-0.7983065127003092
5016,0.39378382209611457,0.7128459560828461,-2.000999205191418,-0.7983065127003092
5017,0.3427570512321767,0.751947819093534,-2.0097321888215407,-0.8010543420687525
5018,0.2953944571414246,0.8238750890721754,-2.0097321888215407,-0.8010543420687525
5019,0.2432294311969575,0.8319155389349281,-2.0179193609747816,-0.8015116991781552
5020,0.20985404080202252,0.8239842837687088,-2.0097321888215407,-0.8028837705063607
5021,0.15796467963382918,0.8160530286024895,-2.0206484183591953,-0.8028837705063607
5022,0.1375054484434295,0.8578880314227839,-2.005365697006479,-0.8102072191421784
5023,0.05315655045220952,0.8684010350133525,-1.9906287871306463,-0.8108943813016246
5024,-0.014437135274194953,0.7536260416850459,-2.0097321888215407,-0.8129558677799632
5025,-0.07219312313036211,0.7132227122321587,-2.0124612462059543,-0.8095223099734191
5026,-0.09110875278087074,0.7224004920295599,-1.9988159592838868,-0.8083777907045702
5027,-0.06183802775807544,0.7315782718269473,-2.0140986806366024,-0.814787754025593
5028,-0.026129389756951654,0.7509073693115706,-2.0233774757436085,-0.8143297824641862
5029,-0.0974204267982024,0.7854634433270338,-1.9988159592838868,-0.8129558677799632
5030,-0.12486475949246374,0.912685857018979,-2.005365697006479,-0.8129558677799632
5031,-0.11089094552215276,1.0630748556300444,-2.022831664266726,-0.8129558677799632
5032,-0.10464269787433525,1.069683258957394,-1.9988159592838868,-0.8175347641246976
5033,-0.10221518585579813,1.040346513463811,-2.0015450166683,-0.816390040038514
5034,-0.14415669694547706,1.0110097679702281,-2.0206484183591953,-0.8129558677799632
5035,-0.1663271139957376,0.9911227843323174,-1.9988159592838868,-0.8129558677799632
5036,-0.11698823477302535,0.9735982411583073,-2.006093445642323,-0.8135664965285074
5037,-0.09767029154070651,0.9560736979843112,-2.015190303590368,-0.814787754025593
5038,-0.11581152154266783,1.020560954973386,-2.0031824510989487,-0.8133222450290891
5039,-0.12240361026163647,1.0733992467199063,-2.0075489429140103,-0.8129558677799632
5040,-0.10450172532704244,1.0796416774961644,-2.0097321888215407,-0.8166189848557514
5041,-0.09285375473178895,1.062885927934643,-2.0206484183591953,-0.8175347641246976
5042,-0.15097357433494263,1.0116329078664457,-2.000999205191418,-0.814787754025593
5043,-0.1579796633389254,0.9603798877982618,-2.0097321888215407,-0.8143297824641862
5044,-0.1305339847949049,0.9091268677300642,-2.015190303590368,-0.8129558677799632
5045,-0.11185209157986183,0.8830727919557376,-2.0075489429140103,-0.8140549995273411
5046,-0.09068778030752479,0.857018716181411,-1.9988159592838868,-0.814787754025593
5047,-0.09417916180271747,0.8309646404070844,-1.9988159592838868,-0.8079200239604981
5048,-0.1079341359450933,0.8081321073192248,-2.0075489429140103,-0.8056307806054654
5049,-0.05413766483297555,0.7981857449772187,-2.000999205191418,-0.8092919314348336
5050,0.021454359526697057,0.7855990755407958,-2.0097321888215407,-0.8102072191421784
5051,0.004900705406402876,0.7624511777266775,-2.0097321888215407,-0.8102072191421784
5052,-0.026864118341499363,0.7424137786813405,-2.0162819265441336,-0.8098413334546568
5053,-0.036079228090709584,0.724450045481844,-2.0015450166683,-0.8083777907045702
5054,-0.017686553871143575,0.6717858987998999,-2.0140986806366024,-0.8091095620796135
5055,-0.014004780289994308,0.6104466487473438,-2.0206484183591953,-0.8102072191421784
5056,-0.014773726982676436,0.584378472158076,-2.004274074052714,-0.8115815434610708
5057,-0.043987180797633293,0.5658025520777376,-1.9960869018994731,-0.8129558677799632
5058,-0.07548497705251574,0.5771956580331162,-2.0097321888215407,-0.8102072191421784
5059,-0.10681089509519257,0.7177226876796233,-2.0097321888215407,-0.81478611548691
5060,-0.1032728353423893,0.8467266723610246,-2.0070031314371275,-0.8193650118316446
5061,-0.19580587910628006,0.8293121659036455,-2.0097321888215407,-0.8193650118316446
5062,-0.22062512966230408,0.8056917912537042,-2.0206484183591953,-0.8193650118316446
5063,-0.2257714673784648,0.7779341711420545,-2.000999205191418,-0.8193650118316446
5064,-0.222463335625628,0.7501765510304049,-2.0097321888215407,-0.8200517643564215
5065,-0.21667066094635865,0.6725485111005773,-2.0097321888215407,-0.8221120219307492
5066,-0.246686623773203,0.39543879189806724,-1.9988159592838868,-0.8193650118316446
5067,-0.23701345511572974,0.33999850224302003,-2.0031824510989487,-0.8202806272467237
5068,-0.20853255186477648,0.33997556997483164,-2.0184651724516645,-0.8239430889070375
5069,-0.21808121764837413,0.3399526377066433,-2.0075489429140103,-0.8250418929466783
5070,-0.25400251701600335,0.3399297054384687,-2.0024547024631048,-0.8309634078868251
5071,-0.31260337607685373,0.4119224233424716,-2.0097321888215407,-0.8340160054499814
5072,-0.40944783888593633,0.49177147576129615,-2.0075489429140103,-0.8352979981141866
5073,-0.423388679922386,0.5768580845233261,-1.9988159592838868,-0.8399677923922599
5074,-0.4668215884743078,0.6328591185579906,-2.013370932000759,-0.8385932632560329
5075,-0.47514275412573076,0.5948562639993338,-0.7107008738406988,-0.8385932632560329
5076,-0.4492551657879528,0.5219461269309518,1.5271261813783992,-0.8477494174068219
5077,-0.43302579802378294,0.45725739749793604,0.843042463685407,-0.8486653605296354
5078,-0.5437159181625083,0.4938921607745801,-0.945399808900263,-0.8504972467752652
5079,-0.5846261638484483,0.530526924051224,-2.0162819265441336,-0.8596525816567127
5080,-0.580836433786237,0.5649304871774414,-1.9988159592838868,-0.8601103484007847
5081,-0.6828542802329218,0.5904092497020068,-1.9944494674688251,-0.861483648633001
5082,-0.7000794758009452,0.5819940243508351,-2.0370227626656763,-0.861483648633001
5083,-0.701210611115663,0.5227378171860644,-2.0779586234318796,-0.861483648633001
5084,-0.6762981410521116,0.37407285471428464,-2.118894484198082,-0.8669793073698904
5085,-0.6501630322724308,0.21279711041252553,-2.080687680816293,-0.8674368692966278
5086,-0.6885461571773005,0.09048699409784376,-1.8678212048320373,-0.8688095550768401
5087,-0.6886493187315126,0.04077628073219621,-1.933318582057962,-0.8715565651759448
5088,-0.6808631850749213,0.0394651693325714,-1.8569049752943831,-0.8715565651759448
5089,-0.6847048223676294,0.16368920688578908,-1.7717583849006806,-0.8825446055723607
5090,-0.67360761008856,0.2508799568799592,-1.6975280240446329,-0.8788818162043096
5091,-0.770129889940065,0.2825207755355994,-1.6298474009111767,-0.8733876321522331
5092,-0.810901920853653,0.2816420127482059,-1.3438421870246386,-0.8642314780014471
5093,-0.6825376455561737,0.25908352899880366,-1.116784612641433,-0.8550753238506582
5094,-0.5736903833415835,0.1962412730812338,-0.95085792366909,-0.8598815674374145
5095,-0.349938473451985,0.12332807412162551,-0.6976013983955138,-0.861483648633001
5096,-0.30565077494844933,0.14026703059497306,-0.5578736603135411,-0.8779648899582847
5097,-0.5192570091415406,0.2527883454388175,-0.3308160859303348,-0.8737531901320177
5098,-0.5714180423099251,0.5086831978384351,-0.08629254428688221,-0.8569063908269494
5099,-0.5264661307236254,0.662358502759781,0.08836712831558391,-0.8574556289929026
5100,-0.2893636964172235,0.6627044864637471,0.2717597845481734,-0.8596525816567127
5101,-0.21524491468770152,0.4315602455803037,0.519194320735001,-0.8657572306034633
5102,-0.19081990031777332,0.11441854470254662,0.6647440479037225,-0.8688095550768401
5103,-0.2974834119334026,0.07059426941384551,0.5774142116024898,-0.8642306587321057
5104,-0.324635444996556,0.010401697632637364,0.40275453900002295,-0.8642306587321057
5105,-0.287843744413659,-0.11526406011861283,0.31542470269878975,-0.8569063908269494
5106,-0.252500996930408,-0.19651938177592387,0.22809486639755708,-0.8569063908269494
5107,-0.1277832082849881,-0.21115904929229168,0.18442994824694023,-0.8523266752128734
5108,-0.05368096281795439,-0.140332439160691,0.05343519379509069,-0.8550753238506582
5109,-0.04318518880344958,-0.06950582902910411,-0.12122447880737569,-0.8550753238506582
5110,-0.05028175861642622,0.0013207811024965863,-0.22602028236885513,-0.8569063908269494
5111,-0.053445569662923034,0.06785349401293879,-0.31771661048515,-0.8575929385343888
5112,-0.08035458437320321,0.131523608775942,-0.418145922231568,-0.8596525816567127
5113,-0.08836954787365697,0.2544214644723456,-0.5287637148797968,-0.8578217877702067
5114,-0.13155793872707347,0.3921262554020993,-0.6277375293545273,-0.8569063908269494
5115,-0.1080494227315734,0.529831046331853,-0.7325333329160073,-0.8504972467752652
5116,-0.07502877305584048,0.46366622019502124,-0.7325333329160073,-0.8486653605296354
5117,0.020010298947486294,0.3640287032206361,-0.8198631692172402,-0.8477494174068219
5118,0.06253513972671047,0.2906332563898851,-0.8198631692172402,-0.8404259687710042
5119,0.1401989448821836,0.22103752091041307,-0.9290254645937815,-0.8404259687710042
5120,0.18467328683364867,0.15397492633175688,-0.9945228418197063,-0.8404259687710042
5121,0.18931525543159716,0.1407583206136787,-1.0600202190456312,-0.8369905676084426
5122,0.19812685908816333,0.1447338515012907,-1.0818526781209397,-0.8358454338875897
5123,0.23311422153480796,0.1744975872974242,-1.1691825144221721,-0.8400594276680111
5124,0.18677042312729703,0.32705368727936834,-1.1910149734974809,-0.8385932632560329
5125,0.16298472919840268,0.5103078783077583,-1.2565123507234057,-0.8404244940861914
5126,0.15036902239888994,0.5575983101701708,-1.2565123507234057,-0.8431713403314289
5127,0.074104478087405,0.6136260400691339,-1.3220097279493304,-0.8431713403314289
5128,0.0411744211964617,0.6827597170228883,-1.3438421870246389,-0.8431713403314289
5129,0.0265789360995685,0.5402038016899929,-1.4020620778921273,-0.8431713403314289
5130,0.018337871951250917,0.4428012138144468,-1.4311720233258718,-0.8431713403314289
5131,0.012499063586568326,0.37550084424378183,-1.4311720233258718,-0.8431713403314289
5132,0.007053961434871699,0.3620407703296461,-1.4311720233258718,-0.8431713403314289
5133,0.0011261567109645838,0.3620407703296461,-1.4311720233258718,-0.8431713403314289
